1098.47 0.163292 0.0402435 -10.0326
1108.47 0.165384 0.0407826 -9.9079
1118.47 0.165794 0.0408883 -9.78201
1128.47 0.159448 0.0392541 -9.65497
1138.47 0.171991 0.042487 -9.52675
1148.47 0.188566 0.0467753 -9.39738
1158.47 0.181066 0.0448326 -9.26685
1168.47 0.135939 0.0332266 -9.13515
1178.47 0.115788 0.028097 -9.00227
1188.47 0.11876 0.0288512 -8.86824
1198.47 0.140781 0.0344642 -8.73305
1208.47 0.143761 0.035227 -8.59668
1218.47 0.170762 0.0421694 -8.45915
1228.47 0.18938 0.0469863 -8.32047
1238.47 0.1747 0.0431865 -8.18062
1248.47 0.165647 0.0408503 -8.0396
1258.47 0.139004 0.0340098 -7.89742
1268.47 0.118021 0.0286636 -7.75407
1278.47 0.110713 0.0268112 -7.60956
1288.47 0.104861 0.0253318 -7.46388
1298.47 0.0966835 0.023271 -7.31705
1308.47 0.117347 0.0284924 -7.16904
1318.47 0.145411 0.0356499 -7.01987
1328.47 0.123843 0.030143 -6.86954
1338.47 0.119921 0.0291459 -6.71803
1348.47 0.12121 0.024375 -6.56537
1358.47 0.0637083 0.0139605 -6.41154
1368.47 0.0859635 0.0240762 -6.25656
1378.47 0.10113 0.0161589 -6.1004
1388.47 0.068955 0.0188275 -5.94309
1398.47 0.0636078 0.0216994 -5.78459
1408.47 0.0766198 0.022094 -5.62495
1418.47 0.0633124 0.0192468 -5.46414
1428.47 0.0454163 0.00965371 -5.30216
1438.47 0.0572623 0.0161711 -5.13902
1448.47 0.0592687 0.0141069 -4.97472
1458.47 0.0546987 0.0123079 -4.80924
1468.47 0.0567526 0.0106733 -4.64261
1478.47 0.039065 0.00818035 -4.47481
1488.47 0.0300276 0.0059715 -4.30585
1498.47 0.0303836 0.00687394 -4.13571
1508.47 0.0299455 0.00654129 -3.96442
1518.47 0.0307896 0.0094731 -3.79196
1528.47 0.0578336 0.014176 -3.61835
1538.47 0.0685674 0.0166497 -3.44356
1548.47 0.0810729 0.0227549 -3.26761
1558.47 0.0492296 0.0144146 -3.0905
1568.47 0.067886 0.0136736 -2.91222
1578.47 0.0661572 0.0155355 -2.73277
1588.47 0.0687832 0.01274 -2.55217
1598.47 0.0311984 0.0111186 -2.37039
1608.47 0.0451951 0.0103724 -2.18745
1618.47 0.0500693 0.0115143 -2.00336
1628.47 0.0627892 0.0164007 -1.81808
1638.47 0.0425316 0.00828778 -1.63165
1648.47 0.026257 0.0076455 -1.44406
1658.47 0.0285812 0.00610798 -1.25531
1668.47 0.0230607 0.00469578 -1.06538
1678.47 0.0287966 0.00533051 -0.874298
1688.47 0.0248497 0.00595013 -0.682053
1698.47 0.0403398 0.00557384 -0.488632
1708.47 0.0380962 0.0104761 -0.294052
1718.47 0.0490124 0.0133761 -0.098297
1728.47 0.0506261 0.0148248 0.098602
1738.47 0.0474543 0.0185184 0.296677
1748.47 0.0516588 0.0100171 0.495911
1758.47 0.0454899 0.00740544 0.69632
1768.47 0.0386596 0.0101373 0.897888
1778.47 0.0305746 0.00739477 1.10062
1788.47 0.0279252 0.00707219 1.30452
1798.47 0.0329662 0.00584656 1.50957
1808.47 0.0222146 0.00413222 1.71581
1818.47 0.0244544 0.00560232 1.92319
1828.47 0.0285298 0.00652364 2.13174
1838.47 0.0323563 0.00872462 2.34146
1848.47 0.0403062 0.00954686 2.55234
1858.47 0.0555651 0.00925404 2.76439
1868.47 0.0394886 0.0151513 2.9776
1878.47 0.0494664 0.0105901 3.19197
1888.47 0.0268295 0.00636559 3.40752
1898.47 0.0260429 0.00521435 3.62422
1908.47 0.0299117 0.00733269 3.84209
1918.47 0.0230999 0.0041256 4.06111
1928.47 0.0229198 0.00491628 4.28131
1938.47 0.0320051 0.0061697 4.50267
1948.47 0.0335451 0.00743781 4.72521
1958.47 0.0456881 0.0125505 4.9489
1968.47 0.0543766 0.00993095 5.17375
1978.47 0.0479112 0.0155744 5.39977
1988.47 0.108698 0.0210447 5.62696
1998.47 0.131854 0.037861 5.8553
2008.47 0.102006 0.0185752 6.08481
2018.47 0.0857863 0.0193916 6.31549
2028.47 0.121249 0.0311066 6.54734
2038.47 0.144851 0.0385763 6.78034
2048.47 0.163746 0.0273461 7.01451
2058.47 0.170392 0.039701 7.24985
2068.47 0.117394 0.0356025 7.48634
2078.47 0.0866167 0.0217776 7.724
2088.47 0.0461461 0.011254 7.96283
2098.47 0.0213254 0.0059169 8.20282
2108.47 0.019294 0.00472421 8.44399
2118.47 0.0301662 0.0063646 8.6863
2128.47 0.034666 0.00589747 8.92978
2138.47 0.0244924 0.00633718 9.17444
2148.47 0.018505 0.00390072 9.42024
2158.47 0.019779 0.00591027 9.66722
2168.47 0.0325152 0.00789631 9.91538
2178.47 0.0381071 0.0105723 10.1647
2188.47 0.0332969 0.00770791 10.4151
2198.47 0.0359942 0.0096041 10.6668
2208.47 0.0369003 0.0082849 10.9196
2218.47 0.0216446 0.00604392 11.1736
2228.47 0.0230045 0.00638442 11.4287
2238.47 0.0191459 0.00492595 11.685
2248.47 0.0208933 0.00474704 11.9424
2258.47 0.0191695 0.0043975 12.2011
2268.47 0.0146442 0.00441381 12.4608
2278.47 0.0161515 0.00327684 12.7218
2288.47 0.0141218 0.00330967 12.9839
2298.47 0.014014 0.00267246 13.2472
2308.47 0.0126196 0.00300549 13.5116
2318.47 0.016614 0.00417648 13.7772
2328.47 0.0186345 0.00395517 14.044
2338.47 0.0197447 0.00442536 14.312
2348.47 0.0308016 0.0105488 14.5811
2358.47 0.040359 0.0122003 14.8513
2368.47 0.0300536 0.00915933 15.1228
2378.47 0.0313512 0.0056064 15.3953
2388.47 0.0237308 0.00650948 15.6691
2398.47 0.0239154 0.00447064 15.944
2408.47 0.01896 0.00390547 16.2201
2418.47 0.0186739 0.00408807 16.4974
2428.47 0.0131484 0.00355106 16.7758
2438.47 0.013426 0.00377229 17.0554
2448.47 0.0147613 0.00339582 17.3361
2458.47 0.0104721 0.00254134 17.618
2468.47 0.0148513 0.00373303 17.9011
2478.47 0.0118659 0.00306256 18.1854
2488.47 0.0176116 0.00317731 18.4708
2498.47 0.01889 0.00376295 18.7573
2508.47 0.0221427 0.00539227 19.0451
2518.47 0.020667 0.00523856 19.3339
2528.47 0.0233401 0.00515057 19.624
2538.47 0.0238139 0.00447811 19.9152
2548.47 0.0324684 0.0077501 20.2076
2558.47 0.0244036 0.00564423 20.5012
2568.47 0.0189972 0.00369044 20.7959
2578.47 0.0199774 0.00545245 21.0918
2588.47 0.0327755 0.00751305 21.3888
2598.47 0.0233433 0.0052696 21.687
2608.47 0.0193593 0.0043335 21.9864
2618.47 0.0153744 0.00340591 22.2869
2628.47 0.0124056 0.00272176 22.5887
2638.47 0.0104383 0.00227234 22.8915
2648.47 0.00973294 0.00211212 23.1956
2658.47 0.0112214 0.00245081 23.5007
2668.47 0.0119746 0.002623 23.8071
2678.47 0.0126708 0.00278257 24.1146
2688.47 0.0133413 0.00293665 24.4234
2698.47 0.0112484 0.00245699 24.7322
2708.47 0.00901503 0.00194957 25.041
2718.47 0.0115034 0.00251522 25.3498
2728.47 0.0239248 0.00540687 25.6586
2738.47 0.0580486 0.0136539 25.9674
2748.47 0.0946285 0.0227543 26.2762
2758.47 0.106927 0.0258537 26.585
2768.47 0.129239 0.031517 26.8938
2778.47 0.159756 0.0393333 27.2026
2788.47 0.133238 0.0325367 27.5114
2798.47 0.125679 951.429 27.8202
