1 1 1200
1 2 1200
1 3 1200
1 4 1200
1 5 1200
1 6 1200
1 7 1200
1 8 1200
1 9 1200
1 10 1200
1 11 1200
1 12 1200
1 13 1200
1 14 1200
1 15 1200
1 16 1200
1 17 1200
1 18 1200
1 19 1200
1 20 1200
1 21 1200
1 22 1200
1 23 1200
1 24 1200
1 25 1200
1 26 1200
1 27 1200
1 28 1200
1 29 1200
1 30 1200
1 31 1200
1 32 1200
1 33 1200
1 34 1200
1 35 1200
1 36 1200
1 37 1200
1 38 1200
1 39 1200
1 40 1200
1 41 1200
1 42 1200
1 43 1200
1 44 1200
1 45 1200
1 46 1200
1 47 1200
1 48 1200
1 49 1200
1 50 1200
1 51 1200
1 52 1200
1 53 1200
1 54 1200
1 55 1200
1 56 1200
1 57 1200
1 58 1200
1 59 1200
1 60 1200
2 1 1200
2 2 1200
2 3 1200
2 4 1200
2 5 1200
2 6 1200
2 7 1200
2 8 1200
2 9 1200
2 10 1200
2 11 1200
2 12 1200
2 13 1200
2 14 1200
2 15 1200
2 16 1200
2 17 1200
2 18 1200
2 19 1200
2 20 1200
2 21 1200
2 22 1200
2 23 1200
2 24 1200
2 25 1200
2 26 1200
2 27 1200
2 28 1200
2 29 1200
2 30 1200
2 31 1200
2 32 1200
2 33 1200
2 34 1200
2 35 1200
2 36 1200
2 37 1200
2 38 1200
2 39 1200
2 40 1200
2 41 1200
2 42 1200
2 43 1200
2 44 1200
2 45 1200
2 46 1200
2 47 1200
2 48 1200
2 49 1200
2 50 1200
2 51 1200
2 52 1200
2 53 1200
2 54 1200
2 55 1200
2 56 1200
2 57 1200
2 58 1200
2 59 1200
2 60 1200
3 1 1200
3 2 1200
3 3 1200
3 4 1200
3 5 1200
3 6 1200
3 7 1200
3 8 1200
3 9 1200
3 10 1200
3 11 1200
3 12 1200
3 13 1200
3 14 1200
3 15 1200
3 16 1200
3 17 1200
3 18 1200
3 19 1200
3 20 1200
3 21 1200
3 22 1200
3 23 1200
3 24 1200
3 25 1200
3 26 1200
3 27 1200
3 28 1200
3 29 1200
3 30 1200
3 31 1200
3 32 1200
3 33 1200
3 34 1200
3 35 1200
3 36 1200
3 37 1200
3 38 1200
3 39 1200
3 40 1200
3 41 1200
3 42 1200
3 43 1200
3 44 1200
3 45 1200
3 46 1200
3 47 1200
3 48 1200
3 49 1200
3 50 1200
3 51 1200
3 52 1200
3 53 1200
3 54 1200
3 55 1200
3 56 1200
3 57 1200
3 58 1200
3 59 1200
3 60 1200
4 1 1200
4 2 1200
4 3 1200
4 4 1200
4 5 1200
4 6 1200
4 7 1200
4 8 1200
4 9 1200
4 10 1200
4 11 1200
4 12 1200
4 13 1200
4 14 1200
4 15 1200
4 16 1200
4 17 1200
4 18 1200
4 19 1200
4 20 1200
4 21 1200
4 22 1200
4 23 1200
4 24 1200
4 25 1200
4 26 1200
4 27 1200
4 28 1200
4 29 1200
4 30 1200
4 31 1200
4 32 1200
4 33 1200
4 34 1200
4 35 1200
4 36 1200
4 37 1200
4 38 1200
4 39 1200
4 40 1200
4 41 1200
4 42 1200
4 43 1200
4 44 1200
4 45 1200
4 46 1200
4 47 1200
4 48 1200
4 49 1200
4 50 1200
4 51 1200
4 52 1200
4 53 1200
4 54 1200
4 55 1200
4 56 1200
4 57 1200
4 58 1200
4 59 1200
4 60 1200
5 1 1200
5 2 1200
5 3 1200
5 4 1200
5 5 1200
5 6 1200
5 7 1200
5 8 1200
5 9 1200
5 10 1200
5 11 1200
5 12 1200
5 13 1200
5 14 1200
5 15 1200
5 16 1200
5 17 1200
5 18 1200
5 19 1200
5 20 1200
5 21 1200
5 22 1200
5 23 1200
5 24 1200
5 25 1200
5 26 1200
5 27 1200
5 28 1200
5 29 1200
5 30 1200
5 31 1200
5 32 1200
5 33 1200
5 34 1200
5 35 1200
5 36 1200
5 37 1200
5 38 1200
5 39 1200
5 40 1200
5 41 1200
5 42 1200
5 43 1200
5 44 1200
5 45 1200
5 46 1200
5 47 1200
5 48 1200
5 49 1200
5 50 1200
5 51 1200
5 52 1200
5 53 1200
5 54 1200
5 55 1200
5 56 1200
5 57 1200
5 58 1200
5 59 1200
5 60 1200
6 1 1200
6 2 1200
6 3 1200
6 4 1200
6 5 1200
6 6 1200
6 7 1200
6 8 1200
6 9 1200
6 10 1200
6 11 1200
6 12 1200
6 13 1200
6 14 1200
6 15 1200
6 16 1200
6 17 1200
6 18 1200
6 19 1200
6 20 1200
6 21 1200
6 22 1200
6 23 1200
6 24 1200
6 25 1200
6 26 1200
6 27 1200
6 28 1200
6 29 1200
6 30 1200
6 31 1200
6 32 1200
6 33 1200
6 34 1200
6 35 1200
6 36 1200
6 37 1200
6 38 1200
6 39 1200
6 40 1200
6 41 1200
6 42 1200
6 43 1200
6 44 1200
6 45 1200
6 46 1200
6 47 1200
6 48 1200
6 49 1200
6 50 1200
6 51 1200
6 52 1200
6 53 1200
6 54 1200
6 55 1200
6 56 1200
6 57 1200
6 58 1200
6 59 1200
6 60 1200
7 1 1200
7 2 1200
7 3 1200
7 4 1200
7 5 1200
7 6 1200
7 7 1200
7 8 1200
7 9 1200
7 10 1200
7 11 1200
7 12 1200
7 13 1200
7 14 1200
7 15 1200
7 16 1200
7 17 1200
7 18 1200
7 19 1200
7 20 1200
7 21 1200
7 22 1200
7 23 1200
7 24 1200
7 25 1200
7 26 1200
7 27 1200
7 28 1200
7 29 1200
7 30 1200
7 31 1200
7 32 1200
7 33 1200
7 34 1200
7 35 1200
7 36 1200
7 37 1200
7 38 1200
7 39 1200
7 40 1200
7 41 1200
7 42 1200
7 43 1200
7 44 1200
7 45 1200
7 46 1200
7 47 1200
7 48 1200
7 49 1200
7 50 1200
7 51 1200
7 52 1200
7 53 1200
7 54 1200
7 55 1200
7 56 1200
7 57 1200
7 58 1200
7 59 1200
7 60 1200
8 1 1200
8 2 1200
8 3 1200
8 4 1200
8 5 1200
8 6 1200
8 7 1200
8 8 1200
8 9 1200
8 10 1200
8 11 1200
8 12 1200
8 13 1200
8 14 1200
8 15 1200
8 16 1200
8 17 1200
8 18 1200
8 19 1200
8 20 1200
8 21 1200
8 22 1200
8 23 1200
8 24 1200
8 25 1200
8 26 1200
8 27 1200
8 28 1200
8 29 1200
8 30 1200
8 31 1200
8 32 1200
8 33 1200
8 34 1200
8 35 1200
8 36 1200
8 37 1200
8 38 1200
8 39 1200
8 40 1200
8 41 1200
8 42 1200
8 43 1200
8 44 1200
8 45 1200
8 46 1200
8 47 1200
8 48 1200
8 49 1200
8 50 1200
8 51 1200
8 52 1200
8 53 1200
8 54 1200
8 55 1200
8 56 1200
8 57 1200
8 58 1200
8 59 1200
8 60 1200
9 1 1200
9 2 1200
9 3 1200
9 4 1200
9 5 1200
9 6 1200
9 7 1200
9 8 1200
9 9 1200
9 10 1200
9 11 1200
9 12 1200
9 13 1200
9 14 1200
9 15 1200
9 16 1200
9 17 1200
9 18 1200
9 19 1200
9 20 1200
9 21 1200
9 22 1200
9 23 1200
9 24 1200
9 25 1200
9 26 1200
9 27 1200
9 28 1200
9 29 1200
9 30 1200
9 31 1200
9 32 1200
9 33 1200
9 34 1200
9 35 1200
9 36 1200
9 37 1200
9 38 1200
9 39 1200
9 40 1200
9 41 1200
9 42 1200
9 43 1200
9 44 1200
9 45 1200
9 46 1200
9 47 1200
9 48 1200
9 49 1200
9 50 1200
9 51 1200
9 52 1200
9 53 1200
9 54 1200
9 55 1200
9 56 1200
9 57 1200
9 58 1200
9 59 1200
9 60 1200
10 1 1200
10 2 1200
10 3 1200
10 4 1200
10 5 1200
10 6 1200
10 7 1200
10 8 1200
10 9 1200
10 10 1200
10 11 1200
10 12 1200
10 13 1200
10 14 1200
10 15 1200
10 16 1200
10 17 1200
10 18 1200
10 19 1200
10 20 1200
10 21 1200
10 22 1200
10 23 1200
10 24 1200
10 25 1200
10 26 1200
10 27 1200
10 28 1200
10 29 1200
10 30 1200
10 31 1200
10 32 1200
10 33 1200
10 34 1200
10 35 1200
10 36 1200
10 37 1200
10 38 1200
10 39 1200
10 40 1200
10 41 1200
10 42 1200
10 43 1200
10 44 1200
10 45 1200
10 46 1200
10 47 1200
10 48 1200
10 49 1200
10 50 1200
10 51 1200
10 52 1200
10 53 1200
10 54 1200
10 55 1200
10 56 1200
10 57 1200
10 58 1200
10 59 1200
10 60 1200
11 1 1200
11 2 1200
11 3 1200
11 4 1200
11 5 1200
11 6 1200
11 7 1200
11 8 1200
11 9 1200
11 10 1200
11 11 1200
11 12 1200
11 13 1200
11 14 1200
11 15 1200
11 16 1200
11 17 1200
11 18 1200
11 19 1200
11 20 1200
11 21 1200
11 22 1200
11 23 1200
11 24 1200
11 25 1200
11 26 1200
11 27 1200
11 28 1200
11 29 1200
11 30 1200
11 31 1200
11 32 1200
11 33 1200
11 34 1200
11 35 1200
11 36 1200
11 37 1200
11 38 1200
11 39 1200
11 40 1200
11 41 1200
11 42 1200
11 43 1200
11 44 1200
11 45 1200
11 46 1200
11 47 1200
11 48 1200
11 49 1200
11 50 1200
11 51 1200
11 52 1200
11 53 1200
11 54 1200
11 55 1200
11 56 1200
11 57 1200
11 58 1200
11 59 1200
11 60 1200
12 1 1200
12 2 1200
12 3 1200
12 4 1200
12 5 1200
12 6 1200
12 7 1200
12 8 1200
12 9 1200
12 10 1200
12 11 1200
12 12 1200
12 13 1200
12 14 1200
12 15 1200
12 16 1200
12 17 1200
12 18 1200
12 19 1200
12 20 1200
12 21 1200
12 22 1200
12 23 1200
12 24 1200
12 25 1200
12 26 1200
12 27 1200
12 28 1200
12 29 1200
12 30 1200
12 31 1200
12 32 1200
12 33 1200
12 34 1200
12 35 1200
12 36 1200
12 37 1200
12 38 1200
12 39 1200
12 40 1200
12 41 1200
12 42 1200
12 43 1200
12 44 1200
12 45 1200
12 46 1200
12 47 1200
12 48 1200
12 49 1200
12 50 1200
12 51 1200
12 52 1200
12 53 1200
12 54 1200
12 55 1200
12 56 1200
12 57 1200
12 58 1200
12 59 1200
12 60 1200
13 1 1200
13 2 1200
13 3 1200
13 4 1200
13 5 1200
13 6 1200
13 7 1200
13 8 1200
13 9 1200
13 10 1200
13 11 1200
13 12 1200
13 13 1200
13 14 1200
13 15 1200
13 16 1200
13 17 1200
13 18 1200
13 19 1200
13 20 1200
13 21 1200
13 22 1200
13 23 1200
13 24 1200
13 25 1200
13 26 1200
13 27 1200
13 28 1200
13 29 1200
13 30 1200
13 31 1200
13 32 1200
13 33 1200
13 34 1200
13 35 1200
13 36 1200
13 37 1200
13 38 1200
13 39 1200
13 40 1200
13 41 1200
13 42 1200
13 43 1200
13 44 1200
13 45 1200
13 46 1200
13 47 1200
13 48 1200
13 49 1200
13 50 1200
13 51 1200
13 52 1200
13 53 1200
13 54 1200
13 55 1200
13 56 1200
13 57 1200
13 58 1200
13 59 1200
13 60 1200
14 1 1200
14 2 1200
14 3 1200
14 4 1200
14 5 1200
14 6 1200
14 7 1200
14 8 1200
14 9 1200
14 10 1200
14 11 1200
14 12 1200
14 13 1200
14 14 1200
14 15 1200
14 16 1200
14 17 1200
14 18 1200
14 19 1200
14 20 1200
14 21 1200
14 22 1200
14 23 1200
14 24 1200
14 25 1200
14 26 1200
14 27 1200
14 28 1200
14 29 1200
14 30 1200
14 31 1200
14 32 1200
14 33 1200
14 34 1200
14 35 1200
14 36 1200
14 37 1200
14 38 1200
14 39 1200
14 40 1200
14 41 1200
14 42 1200
14 43 1200
14 44 1200
14 45 1200
14 46 1200
14 47 1200
14 48 1200
14 49 1200
14 50 1200
14 51 1200
14 52 1200
14 53 1200
14 54 1200
14 55 1200
14 56 1200
14 57 1200
14 58 1200
14 59 1200
14 60 1200
15 1 1200
15 2 1200
15 3 1200
15 4 1200
15 5 1200
15 6 1200
15 7 1200
15 8 1200
15 9 1200
15 10 1200
15 11 1200
15 12 1200
15 13 1200
15 14 1200
15 15 1200
15 16 1200
15 17 1200
15 18 1200
15 19 1200
15 20 1200
15 21 1200
15 22 1200
15 23 1200
15 24 1200
15 25 1200
15 26 1200
15 27 1200
15 28 1200
15 29 1200
15 30 1200
15 31 1200
15 32 1200
15 33 1200
15 34 1200
15 35 1200
15 36 1200
15 37 1200
15 38 1200
15 39 1200
15 40 1200
15 41 1200
15 42 1200
15 43 1200
15 44 1200
15 45 1200
15 46 1200
15 47 1200
15 48 1200
15 49 1200
15 50 1200
15 51 1200
15 52 1200
15 53 1200
15 54 1200
15 55 1200
15 56 1200
15 57 1200
15 58 1200
15 59 1200
15 60 1200
16 1 1200
16 2 1200
16 3 1200
16 4 1200
16 5 1200
16 6 1200
16 7 1200
16 8 1200
16 9 1200
16 10 1200
16 11 1200
16 12 1200
16 13 1200
16 14 1200
16 15 1200
16 16 1200
16 17 1200
16 18 1200
16 19 1200
16 20 1200
16 21 1200
16 22 1200
16 23 1200
16 24 1200
16 25 1200
16 26 1200
16 27 1200
16 28 1200
16 29 1200
16 30 1200
16 31 1200
16 32 1200
16 33 1200
16 34 1200
16 35 1200
16 36 1200
16 37 1200
16 38 1200
16 39 1200
16 40 1200
16 41 1200
16 42 1200
16 43 1200
16 44 1200
16 45 1200
16 46 1200
16 47 1200
16 48 1200
16 49 1200
16 50 1200
16 51 1200
16 52 1200
16 53 1200
16 54 1200
16 55 1200
16 56 1200
16 57 1200
16 58 1200
16 59 1200
16 60 1200
17 1 1200
17 2 1200
17 3 1200
17 4 1200
17 5 1200
17 6 1200
17 7 1200
17 8 1200
17 9 1200
17 10 1200
17 11 1200
17 12 1200
17 13 1200
17 14 1200
17 15 1200
17 16 1200
17 17 1200
17 18 1200
17 19 1200
17 20 1200
17 21 1200
17 22 1200
17 23 1200
17 24 1200
17 25 1200
17 26 1200
17 27 1200
17 28 1200
17 29 1200
17 30 1200
17 31 1200
17 32 1200
17 33 1200
17 34 1200
17 35 1200
17 36 1200
17 37 1200
17 38 1200
17 39 1200
17 40 1200
17 41 1200
17 42 1200
17 43 1200
17 44 1200
17 45 1200
17 46 1200
17 47 1200
17 48 1200
17 49 1200
17 50 1200
17 51 1200
17 52 1200
17 53 1200
17 54 1200
17 55 1200
17 56 1200
17 57 1200
17 58 1200
17 59 1200
17 60 1200
18 1 1200
18 2 1200
18 3 1200
18 4 1200
18 5 1200
18 6 1200
18 7 1200
18 8 1200
18 9 1200
18 10 1200
18 11 1200
18 12 1200
18 13 1200
18 14 1200
18 15 1200
18 16 1200
18 17 1200
18 18 1200
18 19 1200
18 20 1200
18 21 1200
18 22 1200
18 23 1200
18 24 1200
18 25 1200
18 26 1200
18 27 1200
18 28 1200
18 29 1200
18 30 1200
18 31 1200
18 32 1200
18 33 1200
18 34 1200
18 35 1200
18 36 1200
18 37 1200
18 38 1200
18 39 1200
18 40 1200
18 41 1200
18 42 1200
18 43 1200
18 44 1200
18 45 1200
18 46 1200
18 47 1200
18 48 1200
18 49 1200
18 50 1200
18 51 1200
18 52 1200
18 53 1200
18 54 1200
18 55 1200
18 56 1200
18 57 1200
18 58 1200
18 59 1200
18 60 1200
19 1 1200
19 2 1200
19 3 1200
19 4 1200
19 5 1200
19 6 1200
19 7 1200
19 8 1200
19 9 1200
19 10 1200
19 11 1200
19 12 1200
19 13 1200
19 14 1200
19 15 1200
19 16 1200
19 17 1200
19 18 1200
19 19 1200
19 20 1200
19 21 1200
19 22 1200
19 23 1200
19 24 1200
19 25 1200
19 26 1200
19 27 1200
19 28 1200
19 29 1200
19 30 1200
19 31 1200
19 32 1200
19 33 1200
19 34 1200
19 35 1200
19 36 1200
19 37 1200
19 38 1200
19 39 1200
19 40 1200
19 41 1200
19 42 1200
19 43 1200
19 44 1200
19 45 1200
19 46 1200
19 47 1200
19 48 1200
19 49 1200
19 50 1200
19 51 1200
19 52 1200
19 53 1200
19 54 1200
19 55 1200
19 56 1200
19 57 1200
19 58 1200
19 59 1200
19 60 1200
20 1 1200
20 2 1200
20 3 1200
20 4 1200
20 5 1200
20 6 1200
20 7 1200
20 8 1200
20 9 1200
20 10 1200
20 11 1200
20 12 1200
20 13 1200
20 14 1200
20 15 1200
20 16 1200
20 17 1200
20 18 1200
20 19 1200
20 20 1200
20 21 1200
20 22 1200
20 23 1200
20 24 1200
20 25 1200
20 26 1200
20 27 1200
20 28 1200
20 29 1200
20 30 1200
20 31 1200
20 32 1200
20 33 1200
20 34 1200
20 35 1200
20 36 1200
20 37 1200
20 38 1200
20 39 1200
20 40 1200
20 41 1200
20 42 1200
20 43 1200
20 44 1200
20 45 1200
20 46 1200
20 47 1200
20 48 1200
20 49 1200
20 50 1200
20 51 1200
20 52 1200
20 53 1200
20 54 1200
20 55 1200
20 56 1200
20 57 1200
20 58 1200
20 59 1200
20 60 1200
21 1 1200
21 2 1200
21 3 1200
21 4 1200
21 5 1200
21 6 1200
21 7 1200
21 8 1200
21 9 1200
21 10 1200
21 11 1200
21 12 1200
21 13 1200
21 14 1200
21 15 1200
21 16 1200
21 17 1200
21 18 1200
21 19 1200
21 20 1200
21 21 1200
21 22 1200
21 23 1200
21 24 1200
21 25 1200
21 26 1200
21 27 1200
21 28 1200
21 29 1200
21 30 1200
21 31 1200
21 32 1200
21 33 1200
21 34 1200
21 35 1200
21 36 1200
21 37 1200
21 38 1200
21 39 1200
21 40 1200
21 41 1200
21 42 1200
21 43 1200
21 44 1200
21 45 1200
21 46 1200
21 47 1200
21 48 1200
21 49 1200
21 50 1200
21 51 1200
21 52 1200
21 53 1200
21 54 1200
21 55 1200
21 56 1200
21 57 1200
21 58 1200
21 59 1200
21 60 1200
22 1 1200
22 2 1200
22 3 1200
22 4 1200
22 5 1200
22 6 1200
22 7 1200
22 8 1200
22 9 1200
22 10 1200
22 11 1200
22 12 1200
22 13 1200
22 14 1200
22 15 1200
22 16 1200
22 17 1200
22 18 1200
22 19 1200
22 20 1200
22 21 1200
22 22 1200
22 23 1200
22 24 1200
22 25 1200
22 26 1200
22 27 1200
22 28 1200
22 29 1200
22 30 1200
22 31 1200
22 32 1200
22 33 1200
22 34 1200
22 35 1200
22 36 1200
22 37 1200
22 38 1200
22 39 1200
22 40 1200
22 41 1200
22 42 1200
22 43 1200
22 44 1200
22 45 1200
22 46 1200
22 47 1200
22 48 1200
22 49 1200
22 50 1200
22 51 1200
22 52 1200
22 53 1200
22 54 1200
22 55 1200
22 56 1200
22 57 1200
22 58 1200
22 59 1200
22 60 1200
23 1 1200
23 2 1200
23 3 1200
23 4 1200
23 5 1200
23 6 1200
23 7 1200
23 8 1200
23 9 1200
23 10 1200
23 11 1200
23 12 1200
23 13 1200
23 14 1200
23 15 1200
23 16 1200
23 17 1200
23 18 1200
23 19 1200
23 20 1200
23 21 1200
23 22 1200
23 23 1200
23 24 1200
23 25 1200
23 26 1200
23 27 1200
23 28 1200
23 29 1200
23 30 1200
23 31 1200
23 32 1200
23 33 1200
23 34 1200
23 35 1200
23 36 1200
23 37 1200
23 38 1200
23 39 1200
23 40 1200
23 41 1200
23 42 1200
23 43 1200
23 44 1200
23 45 1200
23 46 1200
23 47 1200
23 48 1200
23 49 1200
23 50 1200
23 51 1200
23 52 1200
23 53 1200
23 54 1200
23 55 1200
23 56 1200
23 57 1200
23 58 1200
23 59 1200
23 60 1200
24 1 1200
24 2 1200
24 3 1200
24 4 1200
24 5 1200
24 6 1200
24 7 1200
24 8 1200
24 9 1200
24 10 1200
24 11 1200
24 12 1200
24 13 1200
24 14 1200
24 15 1200
24 16 1200
24 17 1200
24 18 1200
24 19 1200
24 20 1200
24 21 1200
24 22 1200
24 23 1200
24 24 1200
24 25 1200
24 26 1200
24 27 1200
24 28 1200
24 29 1200
24 30 1200
24 31 1200
24 32 1200
24 33 1200
24 34 1200
24 35 1200
24 36 1200
24 37 1200
24 38 1200
24 39 1200
24 40 1200
24 41 1200
24 42 1200
24 43 1200
24 44 1200
24 45 1200
24 46 1200
24 47 1200
24 48 1200
24 49 1200
24 50 1200
24 51 1200
24 52 1200
24 53 1200
24 54 1200
24 55 1200
24 56 1200
24 57 1200
24 58 1200
24 59 1200
24 60 1200
25 1 1200
25 2 1200
25 3 1200
25 4 1200
25 5 1200
25 6 1200
25 7 1200
25 8 1200
25 9 1200
25 10 1200
25 11 1200
25 12 1200
25 13 1200
25 14 1200
25 15 1200
25 16 1200
25 17 1200
25 18 1200
25 19 1200
25 20 1200
25 21 1200
25 22 1200
25 23 1200
25 24 1200
25 25 1200
25 26 1200
25 27 1200
25 28 1200
25 29 1200
25 30 1200
25 31 1200
25 32 1200
25 33 1200
25 34 1200
25 35 1200
25 36 1200
25 37 1200
25 38 1200
25 39 1200
25 40 1200
25 41 1200
25 42 1200
25 43 1200
25 44 1200
25 45 1200
25 46 1200
25 47 1200
25 48 1200
25 49 1200
25 50 1200
25 51 1200
25 52 1200
25 53 1200
25 54 1200
25 55 1200
25 56 1200
25 57 1200
25 58 1200
25 59 1200
25 60 1200
26 1 1200
26 2 1200
26 3 1200
26 4 1200
26 5 1200
26 6 1200
26 7 1200
26 8 1200
26 9 1200
26 10 1200
26 11 1200
26 12 1200
26 13 1200
26 14 1200
26 15 1200
26 16 1200
26 17 1200
26 18 1200
26 19 1200
26 20 1200
26 21 1200
26 22 1200
26 23 1200
26 24 1200
26 25 1200
26 26 1200
26 27 1200
26 28 1200
26 29 1200
26 30 1200
26 31 1200
26 32 1200
26 33 1200
26 34 1200
26 35 1200
26 36 1200
26 37 1200
26 38 1200
26 39 1200
26 40 1200
26 41 1200
26 42 1200
26 43 1200
26 44 1200
26 45 1200
26 46 1200
26 47 1200
26 48 1200
26 49 1200
26 50 1200
26 51 1200
26 52 1200
26 53 1200
26 54 1200
26 55 1200
26 56 1200
26 57 1200
26 58 1200
26 59 1200
26 60 1200
27 1 1200
27 2 1200
27 3 1200
27 4 1200
27 5 1200
27 6 1200
27 7 1200
27 8 1200
27 9 1200
27 10 1200
27 11 1200
27 12 1200
27 13 1200
27 14 1200
27 15 1200
27 16 1200
27 17 1200
27 18 1200
27 19 1200
27 20 1200
27 21 1200
27 22 1200
27 23 1200
27 24 1200
27 25 1200
27 26 1200
27 27 1200
27 28 1200
27 29 1200
27 30 1200
27 31 1200
27 32 1200
27 33 1200
27 34 1200
27 35 1200
27 36 1200
27 37 1200
27 38 1200
27 39 1200
27 40 1200
27 41 1200
27 42 1200
27 43 1200
27 44 1200
27 45 1200
27 46 1200
27 47 1200
27 48 1200
27 49 1200
27 50 1200
27 51 1200
27 52 1200
27 53 1200
27 54 1200
27 55 1200
27 56 1200
27 57 1200
27 58 1200
27 59 1200
27 60 1200
28 1 1200
28 2 1200
28 3 1200
28 4 1200
28 5 1200
28 6 1200
28 7 1200
28 8 1200
28 9 1200
28 10 1200
28 11 1200
28 12 1200
28 13 1200
28 14 1200
28 15 1200
28 16 1200
28 17 1200
28 18 1200
28 19 1200
28 20 1200
28 21 1200
28 22 1200
28 23 1200
28 24 1200
28 25 1200
28 26 1200
28 27 1200
28 28 1200
28 29 1200
28 30 1200
28 31 1200
28 32 1200
28 33 1200
28 34 1200
28 35 1200
28 36 1200
28 37 1200
28 38 1200
28 39 1200
28 40 1200
28 41 1200
28 42 1200
28 43 1200
28 44 1200
28 45 1200
28 46 1200
28 47 1200
28 48 1200
28 49 1200
28 50 1200
28 51 1200
28 52 1200
28 53 1200
28 54 1200
28 55 1200
28 56 1200
28 57 1200
28 58 1200
28 59 1200
28 60 1200
29 1 1200
29 2 1200
29 3 1200
29 4 1200
29 5 1200
29 6 1200
29 7 1200
29 8 1200
29 9 1200
29 10 1200
29 11 1200
29 12 1200
29 13 1200
29 14 1200
29 15 1200
29 16 1200
29 17 1200
29 18 1200
29 19 1200
29 20 1200
29 21 1200
29 22 1200
29 23 1200
29 24 1200
29 25 1200
29 26 1200
29 27 1200
29 28 1200
29 29 1200
29 30 1200
29 31 1200
29 32 1200
29 33 1200
29 34 1200
29 35 1200
29 36 1200
29 37 1200
29 38 1200
29 39 1200
29 40 1200
29 41 1200
29 42 1200
29 43 1200
29 44 1200
29 45 1200
29 46 1200
29 47 1200
29 48 1200
29 49 1200
29 50 1200
29 51 1200
29 52 1200
29 53 1200
29 54 1200
29 55 1200
29 56 1200
29 57 1200
29 58 1200
29 59 1200
29 60 1200
30 1 1200
30 2 1200
30 3 1200
30 4 1200
30 5 1200
30 6 1200
30 7 1200
30 8 1200
30 9 1200
30 10 1200
30 11 1200
30 12 1200
30 13 1200
30 14 1200
30 15 1200
30 16 1200
30 17 1200
30 18 1200
30 19 1200
30 20 1200
30 21 1200
30 22 1200
30 23 1200
30 24 1200
30 25 1200
30 26 1200
30 27 1200
30 28 1200
30 29 1200
30 30 1200
30 31 1200
30 32 1200
30 33 1200
30 34 1200
30 35 1200
30 36 1200
30 37 1200
30 38 1200
30 39 1200
30 40 1200
30 41 1200
30 42 1200
30 43 1200
30 44 1200
30 45 1200
30 46 1200
30 47 1200
30 48 1200
30 49 1200
30 50 1200
30 51 1200
30 52 1200
30 53 1200
30 54 1200
30 55 1200
30 56 1200
30 57 1200
30 58 1200
30 59 1200
30 60 1200
31 1 1200
31 2 1200
31 3 1200
31 4 1200
31 5 1200
31 6 1200
31 7 1200
31 8 1200
31 9 1200
31 10 1200
31 11 1200
31 12 1200
31 13 1200
31 14 1200
31 15 1200
31 16 1200
31 17 1200
31 18 1200
31 19 1200
31 20 1200
31 21 1200
31 22 1200
31 23 1200
31 24 1200
31 25 1200
31 26 1200
31 27 1200
31 28 1200
31 29 1200
31 30 1200
31 31 1200
31 32 1200
31 33 1200
31 34 1200
31 35 1200
31 36 1200
31 37 1200
31 38 1200
31 39 1200
31 40 1200
31 41 1200
31 42 1200
31 43 1200
31 44 1200
31 45 1200
31 46 1200
31 47 1200
31 48 1200
31 49 1200
31 50 1200
31 51 1200
31 52 1200
31 53 1200
31 54 1200
31 55 1200
31 56 1200
31 57 1200
31 58 1200
31 59 1200
31 60 1200
32 1 1200
32 2 1200
32 3 1200
32 4 1200
32 5 1200
32 6 1200
32 7 1200
32 8 1200
32 9 1200
32 10 1200
32 11 1200
32 12 1200
32 13 1200
32 14 1200
32 15 1200
32 16 1200
32 17 1200
32 18 1200
32 19 1200
32 20 1200
32 21 1200
32 22 1200
32 23 1200
32 24 1200
32 25 1200
32 26 1200
32 27 1200
32 28 1200
32 29 1200
32 30 1200
32 31 1200
32 32 1200
32 33 1200
32 34 1200
32 35 1200
32 36 1200
32 37 1200
32 38 1200
32 39 1200
32 40 1200
32 41 1200
32 42 1200
32 43 1200
32 44 1200
32 45 1200
32 46 1200
32 47 1200
32 48 1200
32 49 1200
32 50 1200
32 51 1200
32 52 1200
32 53 1200
32 54 1200
32 55 1200
32 56 1200
32 57 1200
32 58 1200
32 59 1200
32 60 1200
33 1 1200
33 2 1200
33 3 1200
33 4 1200
33 5 1200
33 6 1200
33 7 1200
33 8 1200
33 9 1200
33 10 1200
33 11 1200
33 12 1200
33 13 1200
33 14 1200
33 15 1200
33 16 1200
33 17 1200
33 18 1200
33 19 1200
33 20 1200
33 21 1200
33 22 1200
33 23 1200
33 24 1200
33 25 1200
33 26 1200
33 27 1200
33 28 1200
33 29 1200
33 30 1200
33 31 1200
33 32 1200
33 33 1200
33 34 1200
33 35 1200
33 36 1200
33 37 1200
33 38 1200
33 39 1200
33 40 1200
33 41 1200
33 42 1200
33 43 1200
33 44 1200
33 45 1200
33 46 1200
33 47 1200
33 48 1200
33 49 1200
33 50 1200
33 51 1200
33 52 1200
33 53 1200
33 54 1200
33 55 1200
33 56 1200
33 57 1200
33 58 1200
33 59 1200
33 60 1200
34 1 1200
34 2 1200
34 3 1200
34 4 1200
34 5 1200
34 6 1200
34 7 1200
34 8 1200
34 9 1200
34 10 1200
34 11 1200
34 12 1200
34 13 1200
34 14 1200
34 15 1200
34 16 1200
34 17 1200
34 18 1200
34 19 1200
34 20 1200
34 21 1200
34 22 1200
34 23 1200
34 24 1200
34 25 1200
34 26 1200
34 27 1200
34 28 1200
34 29 1200
34 30 1200
34 31 1200
34 32 1200
34 33 1200
34 34 1200
34 35 1200
34 36 1200
34 37 1200
34 38 1200
34 39 1200
34 40 1200
34 41 1200
34 42 1200
34 43 1200
34 44 1200
34 45 1200
34 46 1200
34 47 1200
34 48 1200
34 49 1200
34 50 1200
34 51 1200
34 52 1200
34 53 1200
34 54 1200
34 55 1200
34 56 1200
34 57 1200
34 58 1200
34 59 1200
34 60 1200
35 1 1200
35 2 1200
35 3 1200
35 4 1200
35 5 1200
35 6 1200
35 7 1200
35 8 1200
35 9 1200
35 10 1200
35 11 1200
35 12 1200
35 13 1200
35 14 1200
35 15 1200
35 16 1200
35 17 1200
35 18 1200
35 19 1200
35 20 1200
35 21 1200
35 22 1200
35 23 1200
35 24 1200
35 25 1200
35 26 1200
35 27 1200
35 28 1200
35 29 1200
35 30 1200
35 31 1200
35 32 1200
35 33 1200
35 34 1200
35 35 1200
35 36 1200
35 37 1200
35 38 1200
35 39 1200
35 40 1200
35 41 1200
35 42 1200
35 43 1200
35 44 1200
35 45 1200
35 46 1200
35 47 1200
35 48 1200
35 49 1200
35 50 1200
35 51 1200
35 52 1200
35 53 1200
35 54 1200
35 55 1200
35 56 1200
35 57 1200
35 58 1200
35 59 1200
35 60 1200
36 1 1200
36 2 1200
36 3 1200
36 4 1200
36 5 1200
36 6 1200
36 7 1200
36 8 1200
36 9 1200
36 10 1200
36 11 1200
36 12 1200
36 13 1200
36 14 1200
36 15 1200
36 16 1200
36 17 1200
36 18 1200
36 19 1200
36 20 1200
36 21 1200
36 22 1200
36 23 1200
36 24 1200
36 25 1200
36 26 1200
36 27 1200
36 28 1200
36 29 1200
36 30 1200
36 31 1200
36 32 1200
36 33 1200
36 34 1200
36 35 1200
36 36 1200
36 37 1200
36 38 1200
36 39 1200
36 40 1200
36 41 1200
36 42 1200
36 43 1200
36 44 1200
36 45 1200
36 46 1200
36 47 1200
36 48 1200
36 49 1200
36 50 1200
36 51 1200
36 52 1200
36 53 1200
36 54 1200
36 55 1200
36 56 1200
36 57 1200
36 58 1200
36 59 1200
36 60 1200
37 1 1200
37 2 1200
37 3 1200
37 4 1200
37 5 1200
37 6 1200
37 7 1200
37 8 1200
37 9 1200
37 10 1200
37 11 1200
37 12 1200
37 13 1200
37 14 1200
37 15 1200
37 16 1200
37 17 1200
37 18 1200
37 19 1200
37 20 1200
37 21 1200
37 22 1200
37 23 1200
37 24 1200
37 25 1200
37 26 1200
37 27 1200
37 28 1200
37 29 1200
37 30 1200
37 31 1200
37 32 1200
37 33 1200
37 34 1200
37 35 1200
37 36 1200
37 37 1200
37 38 1200
37 39 1200
37 40 1200
37 41 1200
37 42 1200
37 43 1200
37 44 1200
37 45 1200
37 46 1200
37 47 1200
37 48 1200
37 49 1200
37 50 1200
37 51 1200
37 52 1200
37 53 1200
37 54 1200
37 55 1200
37 56 1200
37 57 1200
37 58 1200
37 59 1200
37 60 1200
38 1 1200
38 2 1200
38 3 1200
38 4 1200
38 5 1200
38 6 1200
38 7 1200
38 8 1200
38 9 1200
38 10 1200
38 11 1200
38 12 1200
38 13 1200
38 14 1200
38 15 1200
38 16 1200
38 17 1200
38 18 1200
38 19 1200
38 20 1200
38 21 1200
38 22 1200
38 23 1200
38 24 1200
38 25 1200
38 26 1200
38 27 1200
38 28 1200
38 29 1200
38 30 1200
38 31 1200
38 32 1200
38 33 1200
38 34 1200
38 35 1200
38 36 1200
38 37 1200
38 38 1200
38 39 1200
38 40 1200
38 41 1200
38 42 1200
38 43 1200
38 44 1200
38 45 1200
38 46 1200
38 47 1200
38 48 1200
38 49 1200
38 50 1200
38 51 1200
38 52 1200
38 53 1200
38 54 1200
38 55 1200
38 56 1200
38 57 1200
38 58 1200
38 59 1200
38 60 1200
39 1 1200
39 2 1200
39 3 1200
39 4 1200
39 5 1200
39 6 1200
39 7 1200
39 8 1200
39 9 1200
39 10 1200
39 11 1200
39 12 1200
39 13 1200
39 14 1200
39 15 1200
39 16 1200
39 17 1200
39 18 1200
39 19 1200
39 20 1200
39 21 1200
39 22 1200
39 23 1200
39 24 1200
39 25 1200
39 26 1200
39 27 1200
39 28 1200
39 29 1200
39 30 1200
39 31 1200
39 32 1200
39 33 1200
39 34 1200
39 35 1200
39 36 1200
39 37 1200
39 38 1200
39 39 1200
39 40 1200
39 41 1200
39 42 1200
39 43 1200
39 44 1200
39 45 1200
39 46 1200
39 47 1200
39 48 1200
39 49 1200
39 50 1200
39 51 1200
39 52 1200
39 53 1200
39 54 1200
39 55 1200
39 56 1200
39 57 1200
39 58 1200
39 59 1200
39 60 1200
40 1 1200
40 2 1200
40 3 1200
40 4 1200
40 5 1200
40 6 1200
40 7 1200
40 8 1200
40 9 1200
40 10 1200
40 11 1200
40 12 1200
40 13 1200
40 14 1200
40 15 1200
40 16 1200
40 17 1200
40 18 1200
40 19 1200
40 20 1200
40 21 1200
40 22 1200
40 23 1200
40 24 1200
40 25 1200
40 26 1200
40 27 1200
40 28 1200
40 29 1200
40 30 1200
40 31 1200
40 32 1200
40 33 1200
40 34 1200
40 35 1200
40 36 1200
40 37 1200
40 38 1200
40 39 1200
40 40 1200
40 41 1200
40 42 1200
40 43 1200
40 44 1200
40 45 1200
40 46 1200
40 47 1200
40 48 1200
40 49 1200
40 50 1200
40 51 1200
40 52 1200
40 53 1200
40 54 1200
40 55 1200
40 56 1200
40 57 1200
40 58 1200
40 59 1200
40 60 1200
41 1 1200
41 2 1200
41 3 1200
41 4 1200
41 5 1200
41 6 1200
41 7 1200
41 8 1200
41 9 1200
41 10 1200
41 11 1200
41 12 1200
41 13 1200
41 14 1200
41 15 1200
41 16 1200
41 17 1200
41 18 1200
41 19 1200
41 20 1200
41 21 1200
41 22 1200
41 23 1200
41 24 1200
41 25 1200
41 26 1200
41 27 1200
41 28 1200
41 29 1200
41 30 1200
41 31 1200
41 32 1200
41 33 1200
41 34 1200
41 35 1200
41 36 1200
41 37 1200
41 38 1200
41 39 1200
41 40 1200
41 41 1200
41 42 1200
41 43 1200
41 44 1200
41 45 1200
41 46 1200
41 47 1200
41 48 1200
41 49 1200
41 50 1200
41 51 1200
41 52 1200
41 53 1200
41 54 1200
41 55 1200
41 56 1200
41 57 1200
41 58 1200
41 59 1200
41 60 1200
42 1 1200
42 2 1200
42 3 1200
42 4 1200
42 5 1200
42 6 1200
42 7 1200
42 8 1200
42 9 1200
42 10 1200
42 11 1200
42 12 1200
42 13 1200
42 14 1200
42 15 1200
42 16 1200
42 17 1200
42 18 1200
42 19 1200
42 20 1200
42 21 1200
42 22 1200
42 23 1200
42 24 1200
42 25 1200
42 26 1200
42 27 1200
42 28 1200
42 29 1200
42 30 1200
42 31 1200
42 32 1200
42 33 1200
42 34 1200
42 35 1200
42 36 1200
42 37 1200
42 38 1200
42 39 1200
42 40 1200
42 41 1200
42 42 1200
42 43 1200
42 44 1200
42 45 1200
42 46 1200
42 47 1200
42 48 1200
42 49 1200
42 50 1200
42 51 1200
42 52 1200
42 53 1200
42 54 1200
42 55 1200
42 56 1200
42 57 1200
42 58 1200
42 59 1200
42 60 1200
43 1 1200
43 2 1200
43 3 1200
43 4 1200
43 5 1200
43 6 1200
43 7 1200
43 8 1200
43 9 1200
43 10 1200
43 11 1200
43 12 1200
43 13 1200
43 14 1200
43 15 1200
43 16 1200
43 17 1200
43 18 1200
43 19 1200
43 20 1200
43 21 1200
43 22 1200
43 23 1200
43 24 1200
43 25 1200
43 26 1200
43 27 1200
43 28 1200
43 29 1200
43 30 1200
43 31 1200
43 32 1200
43 33 1200
43 34 1200
43 35 1200
43 36 1200
43 37 1200
43 38 1200
43 39 1200
43 40 1200
43 41 1200
43 42 1200
43 43 1200
43 44 1200
43 45 1200
43 46 1200
43 47 1200
43 48 1200
43 49 1200
43 50 1200
43 51 1200
43 52 1200
43 53 1200
43 54 1200
43 55 1200
43 56 1200
43 57 1200
43 58 1200
43 59 1200
43 60 1200
44 1 1200
44 2 1200
44 3 1200
44 4 1200
44 5 1200
44 6 1200
44 7 1200
44 8 1200
44 9 1200
44 10 1200
44 11 1200
44 12 1200
44 13 1200
44 14 1200
44 15 1200
44 16 1200
44 17 1200
44 18 1200
44 19 1200
44 20 1200
44 21 1200
44 22 1200
44 23 1200
44 24 1200
44 25 1200
44 26 1200
44 27 1200
44 28 1200
44 29 1200
44 30 1200
44 31 1200
44 32 1200
44 33 1200
44 34 1200
44 35 1200
44 36 1200
44 37 1200
44 38 1200
44 39 1200
44 40 1200
44 41 1200
44 42 1200
44 43 1200
44 44 1200
44 45 1200
44 46 1200
44 47 1200
44 48 1200
44 49 1200
44 50 1200
44 51 1200
44 52 1200
44 53 1200
44 54 1200
44 55 1200
44 56 1200
44 57 1200
44 58 1200
44 59 1200
44 60 1200
45 1 1200
45 2 1200
45 3 1200
45 4 1200
45 5 1200
45 6 1200
45 7 1200
45 8 1200
45 9 1200
45 10 1200
45 11 1200
45 12 1200
45 13 1200
45 14 1200
45 15 1200
45 16 1200
45 17 1200
45 18 1200
45 19 1200
45 20 1200
45 21 1200
45 22 1200
45 23 1200
45 24 1200
45 25 1200
45 26 1200
45 27 1200
45 28 1200
45 29 1200
45 30 1200
45 31 1200
45 32 1200
45 33 1200
45 34 1200
45 35 1200
45 36 1200
45 37 1200
45 38 1200
45 39 1200
45 40 1200
45 41 1200
45 42 1200
45 43 1200
45 44 1200
45 45 1200
45 46 1200
45 47 1200
45 48 1200
45 49 1200
45 50 1200
45 51 1200
45 52 1200
45 53 1200
45 54 1200
45 55 1200
45 56 1200
45 57 1200
45 58 1200
45 59 1200
45 60 1200
46 1 1200
46 2 1200
46 3 1200
46 4 1200
46 5 1200
46 6 1200
46 7 1200
46 8 1200
46 9 1200
46 10 1200
46 11 1200
46 12 1200
46 13 1200
46 14 1200
46 15 1200
46 16 1200
46 17 1200
46 18 1200
46 19 1200
46 20 1200
46 21 1200
46 22 1200
46 23 1200
46 24 1200
46 25 1200
46 26 1200
46 27 1200
46 28 1200
46 29 1200
46 30 1200
46 31 1200
46 32 1200
46 33 1200
46 34 1200
46 35 1200
46 36 1200
46 37 1200
46 38 1200
46 39 1200
46 40 1200
46 41 1200
46 42 1200
46 43 1200
46 44 1200
46 45 1200
46 46 1200
46 47 1200
46 48 1200
46 49 1200
46 50 1200
46 51 1200
46 52 1200
46 53 1200
46 54 1200
46 55 1200
46 56 1200
46 57 1200
46 58 1200
46 59 1200
46 60 1200
47 1 1200
47 2 1200
47 3 1200
47 4 1200
47 5 1200
47 6 1200
47 7 1200
47 8 1200
47 9 1200
47 10 1200
47 11 1200
47 12 1200
47 13 1200
47 14 1200
47 15 1200
47 16 1200
47 17 1200
47 18 1200
47 19 1200
47 20 1200
47 21 1200
47 22 1200
47 23 1200
47 24 1200
47 25 1200
47 26 1200
47 27 1200
47 28 1200
47 29 1200
47 30 1200
47 31 1200
47 32 1200
47 33 1200
47 34 1200
47 35 1200
47 36 1200
47 37 1200
47 38 1200
47 39 1200
47 40 1200
47 41 1200
47 42 1200
47 43 1200
47 44 1200
47 45 1200
47 46 1200
47 47 1200
47 48 1200
47 49 1200
47 50 1200
47 51 1200
47 52 1200
47 53 1200
47 54 1200
47 55 1200
47 56 1200
47 57 1200
47 58 1200
47 59 1200
47 60 1200
48 1 1200
48 2 1200
48 3 1200
48 4 1200
48 5 1200
48 6 1200
48 7 1200
48 8 1200
48 9 1200
48 10 1200
48 11 1200
48 12 1200
48 13 1200
48 14 1200
48 15 1200
48 16 1200
48 17 1200
48 18 1200
48 19 1200
48 20 1200
48 21 1200
48 22 1200
48 23 1200
48 24 1200
48 25 1200
48 26 1200
48 27 1200
48 28 1200
48 29 1200
48 30 1200
48 31 1200
48 32 1200
48 33 1200
48 34 1200
48 35 1200
48 36 1200
48 37 1200
48 38 1200
48 39 1200
48 40 1200
48 41 1200
48 42 1200
48 43 1200
48 44 1200
48 45 1200
48 46 1200
48 47 1200
48 48 1200
48 49 1200
48 50 1200
48 51 1200
48 52 1200
48 53 1200
48 54 1200
48 55 1200
48 56 1200
48 57 1200
48 58 1200
48 59 1200
48 60 1200
49 1 1200
49 2 1200
49 3 1200
49 4 1200
49 5 1200
49 6 1200
49 7 1200
49 8 1200
49 9 1200
49 10 1200
49 11 1200
49 12 1200
49 13 1200
49 14 1200
49 15 1200
49 16 1200
49 17 1200
49 18 1200
49 19 1200
49 20 1200
49 21 1200
49 22 1200
49 23 1200
49 24 1200
49 25 1200
49 26 1200
49 27 1200
49 28 1200
49 29 1200
49 30 1200
49 31 1200
49 32 1200
49 33 1200
49 34 1200
49 35 1200
49 36 1200
49 37 1200
49 38 1200
49 39 1200
49 40 1200
49 41 1200
49 42 1200
49 43 1200
49 44 1200
49 45 1200
49 46 1200
49 47 1200
49 48 1200
49 49 1200
49 50 1200
49 51 1200
49 52 1200
49 53 1200
49 54 1200
49 55 1200
49 56 1200
49 57 1200
49 58 1200
49 59 1200
49 60 1200
50 1 1200
50 2 1200
50 3 1200
50 4 1200
50 5 1200
50 6 1200
50 7 1200
50 8 1200
50 9 1200
50 10 1200
50 11 1200
50 12 1200
50 13 1200
50 14 1200
50 15 1200
50 16 1200
50 17 1200
50 18 1200
50 19 1200
50 20 1200
50 21 1200
50 22 1200
50 23 1200
50 24 1200
50 25 1200
50 26 1200
50 27 1200
50 28 1200
50 29 1200
50 30 1200
50 31 1200
50 32 1200
50 33 1200
50 34 1200
50 35 1200
50 36 1200
50 37 1200
50 38 1200
50 39 1200
50 40 1200
50 41 1200
50 42 1200
50 43 1200
50 44 1200
50 45 1200
50 46 1200
50 47 1200
50 48 1200
50 49 1200
50 50 1200
50 51 1200
50 52 1200
50 53 1200
50 54 1200
50 55 1200
50 56 1200
50 57 1200
50 58 1200
50 59 1200
50 60 1200
51 1 1200
51 2 1200
51 3 1200
51 4 1200
51 5 1200
51 6 1200
51 7 1200
51 8 1200
51 9 1200
51 10 1200
51 11 1200
51 12 1200
51 13 1200
51 14 1200
51 15 1200
51 16 1200
51 17 1200
51 18 1200
51 19 1200
51 20 1200
51 21 1200
51 22 1200
51 23 1200
51 24 1200
51 25 1200
51 26 1200
51 27 1200
51 28 1200
51 29 1200
51 30 1200
51 31 1200
51 32 1200
51 33 1200
51 34 1200
51 35 1200
51 36 1200
51 37 1200
51 38 1200
51 39 1200
51 40 1200
51 41 1200
51 42 1200
51 43 1200
51 44 1200
51 45 1200
51 46 1200
51 47 1200
51 48 1200
51 49 1200
51 50 1200
51 51 1200
51 52 1200
51 53 1200
51 54 1200
51 55 1200
51 56 1200
51 57 1200
51 58 1200
51 59 1200
51 60 1200
52 1 1200
52 2 1200
52 3 1200
52 4 1200
52 5 1200
52 6 1200
52 7 1200
52 8 1200
52 9 1200
52 10 1200
52 11 1200
52 12 1200
52 13 1200
52 14 1200
52 15 1200
52 16 1200
52 17 1200
52 18 1200
52 19 1200
52 20 1200
52 21 1200
52 22 1200
52 23 1200
52 24 1200
52 25 1200
52 26 1200
52 27 1200
52 28 1200
52 29 1200
52 30 1200
52 31 1200
52 32 1200
52 33 1200
52 34 1200
52 35 1200
52 36 1200
52 37 1200
52 38 1200
52 39 1200
52 40 1200
52 41 1200
52 42 1200
52 43 1200
52 44 1200
52 45 1200
52 46 1200
52 47 1200
52 48 1200
52 49 1200
52 50 1200
52 51 1200
52 52 1200
52 53 1200
52 54 1200
52 55 1200
52 56 1200
52 57 1200
52 58 1200
52 59 1200
52 60 1200
53 1 1200
53 2 1200
53 3 1200
53 4 1200
53 5 1200
53 6 1200
53 7 1200
53 8 1200
53 9 1200
53 10 1200
53 11 1200
53 12 1200
53 13 1200
53 14 1200
53 15 1200
53 16 1200
53 17 1200
53 18 1200
53 19 1200
53 20 1200
53 21 1200
53 22 1200
53 23 1200
53 24 1200
53 25 1200
53 26 1200
53 27 1200
53 28 1200
53 29 1200
53 30 1200
53 31 1200
53 32 1200
53 33 1200
53 34 1200
53 35 1200
53 36 1200
53 37 1200
53 38 1200
53 39 1200
53 40 1200
53 41 1200
53 42 1200
53 43 1200
53 44 1200
53 45 1200
53 46 1200
53 47 1200
53 48 1200
53 49 1200
53 50 1200
53 51 1200
53 52 1200
53 53 1200
53 54 1200
53 55 1200
53 56 1200
53 57 1200
53 58 1200
53 59 1200
53 60 1200
54 1 1200
54 2 1200
54 3 1200
54 4 1200
54 5 1200
54 6 1200
54 7 1200
54 8 1200
54 9 1200
54 10 1200
54 11 1200
54 12 1200
54 13 1200
54 14 1200
54 15 1200
54 16 1200
54 17 1200
54 18 1200
54 19 1200
54 20 1200
54 21 1200
54 22 1200
54 23 1200
54 24 1200
54 25 1200
54 26 1200
54 27 1200
54 28 1200
54 29 1200
54 30 1200
54 31 1200
54 32 1200
54 33 1200
54 34 1200
54 35 1200
54 36 1200
54 37 1200
54 38 1200
54 39 1200
54 40 1200
54 41 1200
54 42 1200
54 43 1200
54 44 1200
54 45 1200
54 46 1200
54 47 1200
54 48 1200
54 49 1200
54 50 1200
54 51 1200
54 52 1200
54 53 1200
54 54 1200
54 55 1200
54 56 1200
54 57 1200
54 58 1200
54 59 1200
54 60 1200
55 1 1200
55 2 1200
55 3 1200
55 4 1200
55 5 1200
55 6 1200
55 7 1200
55 8 1200
55 9 1200
55 10 1200
55 11 1200
55 12 1200
55 13 1200
55 14 1200
55 15 1200
55 16 1200
55 17 1200
55 18 1200
55 19 1200
55 20 1200
55 21 1200
55 22 1200
55 23 1200
55 24 1200
55 25 1200
55 26 1200
55 27 1200
55 28 1200
55 29 1200
55 30 1200
55 31 1200
55 32 1200
55 33 1200
55 34 1200
55 35 1200
55 36 1200
55 37 1200
55 38 1200
55 39 1200
55 40 1200
55 41 1200
55 42 1200
55 43 1200
55 44 1200
55 45 1200
55 46 1200
55 47 1200
55 48 1200
55 49 1200
55 50 1200
55 51 1200
55 52 1200
55 53 1200
55 54 1200
55 55 1200
55 56 1200
55 57 1200
55 58 1200
55 59 1200
55 60 1200
56 1 1200
56 2 1200
56 3 1200
56 4 1200
56 5 1200
56 6 1200
56 7 1200
56 8 1200
56 9 1200
56 10 1200
56 11 1200
56 12 1200
56 13 1200
56 14 1200
56 15 1200
56 16 1200
56 17 1200
56 18 1200
56 19 1200
56 20 1200
56 21 1200
56 22 1200
56 23 1200
56 24 1200
56 25 1200
56 26 1200
56 27 1200
56 28 1200
56 29 1200
56 30 1200
56 31 1200
56 32 1200
56 33 1200
56 34 1200
56 35 1200
56 36 1200
56 37 1200
56 38 1200
56 39 1200
56 40 1200
56 41 1200
56 42 1200
56 43 1200
56 44 1200
56 45 1200
56 46 1200
56 47 1200
56 48 1200
56 49 1200
56 50 1200
56 51 1200
56 52 1200
56 53 1200
56 54 1200
56 55 1200
56 56 1200
56 57 1200
56 58 1200
56 59 1200
56 60 1200
57 1 1200
57 2 1200
57 3 1200
57 4 1200
57 5 1200
57 6 1200
57 7 1200
57 8 1200
57 9 1200
57 10 1200
57 11 1200
57 12 1200
57 13 1200
57 14 1200
57 15 1200
57 16 1200
57 17 1200
57 18 1200
57 19 1200
57 20 1200
57 21 1200
57 22 1200
57 23 1200
57 24 1200
57 25 1200
57 26 1200
57 27 1200
57 28 1200
57 29 1200
57 30 1200
57 31 1200
57 32 1200
57 33 1200
57 34 1200
57 35 1200
57 36 1200
57 37 1200
57 38 1200
57 39 1200
57 40 1200
57 41 1200
57 42 1200
57 43 1200
57 44 1200
57 45 1200
57 46 1200
57 47 1200
57 48 1200
57 49 1200
57 50 1200
57 51 1200
57 52 1200
57 53 1200
57 54 1200
57 55 1200
57 56 1200
57 57 1200
57 58 1200
57 59 1200
57 60 1200
58 1 1200
58 2 1200
58 3 1200
58 4 1200
58 5 1200
58 6 1200
58 7 1200
58 8 1200
58 9 1200
58 10 1200
58 11 1200
58 12 1200
58 13 1200
58 14 1200
58 15 1200
58 16 1200
58 17 1200
58 18 1200
58 19 1200
58 20 1200
58 21 1200
58 22 1200
58 23 1200
58 24 1200
58 25 1200
58 26 1200
58 27 1200
58 28 1200
58 29 1200
58 30 1200
58 31 1200
58 32 1200
58 33 1200
58 34 1200
58 35 1200
58 36 1200
58 37 1200
58 38 1200
58 39 1200
58 40 1200
58 41 1200
58 42 1200
58 43 1200
58 44 1200
58 45 1200
58 46 1200
58 47 1200
58 48 1200
58 49 1200
58 50 1200
58 51 1200
58 52 1200
58 53 1200
58 54 1200
58 55 1200
58 56 1200
58 57 1200
58 58 1200
58 59 1200
58 60 1200
59 1 1200
59 2 1200
59 3 1200
59 4 1200
59 5 1200
59 6 1200
59 7 1200
59 8 1200
59 9 1200
59 10 1200
59 11 1200
59 12 1200
59 13 1200
59 14 1200
59 15 1200
59 16 1200
59 17 1200
59 18 1200
59 19 1200
59 20 1200
59 21 1200
59 22 1200
59 23 1200
59 24 1200
59 25 1200
59 26 1200
59 27 1200
59 28 1200
59 29 1200
59 30 1200
59 31 1200
59 32 1200
59 33 1200
59 34 1200
59 35 1200
59 36 1200
59 37 1200
59 38 1200
59 39 1200
59 40 1200
59 41 1200
59 42 1200
59 43 1200
59 44 1200
59 45 1200
59 46 1200
59 47 1200
59 48 1200
59 49 1200
59 50 1200
59 51 1200
59 52 1200
59 53 1200
59 54 1200
59 55 1200
59 56 1200
59 57 1200
59 58 1200
59 59 1200
59 60 1200
60 1 1200
60 2 1200
60 3 1200
60 4 1200
60 5 1200
60 6 1200
60 7 1200
60 8 1200
60 9 1200
60 10 1200
60 11 1200
60 12 1200
60 13 1200
60 14 1200
60 15 1200
60 16 1200
60 17 1200
60 18 1200
60 19 1200
60 20 1200
60 21 1200
60 22 1200
60 23 1200
60 24 1200
60 25 1200
60 26 1200
60 27 1200
60 28 1200
60 29 1200
60 30 1200
60 31 1200
60 32 1200
60 33 1200
60 34 1200
60 35 1200
60 36 1200
60 37 1200
60 38 1200
60 39 1200
60 40 1200
60 41 1200
60 42 1200
60 43 1200
60 44 1200
60 45 1200
60 46 1200
60 47 1200
60 48 1200
60 49 1200
60 50 1200
60 51 1200
60 52 1200
60 53 1200
60 54 1200
60 55 1200
60 56 1200
60 57 1200
60 58 1200
60 59 1200
60 60 1200
61 1 1200
61 2 1200
61 3 1200
61 4 1200
61 5 1200
61 6 1200
61 7 1200
61 8 1200
61 9 1200
61 10 1200
61 11 1200
61 12 1200
61 13 1200
61 14 1200
61 15 1200
61 16 1200
61 17 1200
61 18 1200
61 19 1200
61 20 1200
61 21 1200
61 22 1200
61 23 1200
61 24 1200
61 25 1200
61 26 1200
61 27 1200
61 28 1200
61 29 1200
61 30 1200
61 31 1200
61 32 1200
61 33 1200
61 34 1200
61 35 1200
61 36 1200
61 37 1200
61 38 1200
61 39 1200
61 40 1200
61 41 1200
61 42 1200
61 43 1200
61 44 1200
61 45 1200
61 46 1200
61 47 1200
61 48 1200
61 49 1200
61 50 1200
61 51 1200
61 52 1200
61 53 1200
61 54 1200
61 55 1200
61 56 1200
61 57 1200
61 58 1200
61 59 1200
61 60 1200
62 1 1200
62 2 1200
62 3 1200
62 4 1200
62 5 1200
62 6 1200
62 7 1200
62 8 1200
62 9 1200
62 10 1200
62 11 1200
62 12 1200
62 13 1200
62 14 1200
62 15 1200
62 16 1200
62 17 1200
62 18 1200
62 19 1200
62 20 1200
62 21 1200
62 22 1200
62 23 1200
62 24 1200
62 25 1200
62 26 1200
62 27 1200
62 28 1200
62 29 1200
62 30 1200
62 31 1200
62 32 1200
62 33 1200
62 34 1200
62 35 1200
62 36 1200
62 37 1200
62 38 1200
62 39 1200
62 40 1200
62 41 1200
62 42 1200
62 43 1200
62 44 1200
62 45 1200
62 46 1200
62 47 1200
62 48 1200
62 49 1200
62 50 1200
62 51 1200
62 52 1200
62 53 1200
62 54 1200
62 55 1200
62 56 1200
62 57 1200
62 58 1200
62 59 1200
62 60 1200
63 1 1200
63 2 1200
63 3 1200
63 4 1200
63 5 1200
63 6 1200
63 7 1200
63 8 1200
63 9 1200
63 10 1200
63 11 1200
63 12 1200
63 13 1200
63 14 1200
63 15 1200
63 16 1200
63 17 1200
63 18 1200
63 19 1200
63 20 1200
63 21 1200
63 22 1200
63 23 1200
63 24 1200
63 25 1200
63 26 1200
63 27 1200
63 28 1200
63 29 1200
63 30 1200
63 31 1200
63 32 1200
63 33 1200
63 34 1200
63 35 1200
63 36 1200
63 37 1200
63 38 1200
63 39 1200
63 40 1200
63 41 1200
63 42 1200
63 43 1200
63 44 1200
63 45 1200
63 46 1200
63 47 1200
63 48 1200
63 49 1200
63 50 1200
63 51 1200
63 52 1200
63 53 1200
63 54 1200
63 55 1200
63 56 1200
63 57 1200
63 58 1200
63 59 1200
63 60 1200
64 1 1200
64 2 1200
64 3 1200
64 4 1200
64 5 1200
64 6 1200
64 7 1200
64 8 1200
64 9 1200
64 10 1200
64 11 1200
64 12 1200
64 13 1200
64 14 1200
64 15 1200
64 16 1200
64 17 1200
64 18 1200
64 19 1200
64 20 1200
64 21 1200
64 22 1200
64 23 1200
64 24 1200
64 25 1200
64 26 1200
64 27 1200
64 28 1200
64 29 1200
64 30 1200
64 31 1200
64 32 1200
64 33 1200
64 34 1200
64 35 1200
64 36 1200
64 37 1200
64 38 1200
64 39 1200
64 40 1200
64 41 1200
64 42 1200
64 43 1200
64 44 1200
64 45 1200
64 46 1200
64 47 1200
64 48 1200
64 49 1200
64 50 1200
64 51 1200
64 52 1200
64 53 1200
64 54 1200
64 55 1200
64 56 1200
64 57 1200
64 58 1200
64 59 1200
64 60 1200
65 1 1200
65 2 1200
65 3 1200
65 4 1200
65 5 1200
65 6 1200
65 7 1200
65 8 1200
65 9 1200
65 10 1200
65 11 1200
65 12 1200
65 13 1200
65 14 1200
65 15 1200
65 16 1200
65 17 1200
65 18 1200
65 19 1200
65 20 1200
65 21 1200
65 22 1200
65 23 1200
65 24 1200
65 25 1200
65 26 1200
65 27 1200
65 28 1200
65 29 1200
65 30 1200
65 31 1200
65 32 1200
65 33 1200
65 34 1200
65 35 1200
65 36 1200
65 37 1200
65 38 1200
65 39 1200
65 40 1200
65 41 1200
65 42 1200
65 43 1200
65 44 1200
65 45 1200
65 46 1200
65 47 1200
65 48 1200
65 49 1200
65 50 1200
65 51 1200
65 52 1200
65 53 1200
65 54 1200
65 55 1200
65 56 1200
65 57 1200
65 58 1200
65 59 1200
65 60 1200
66 1 1200
66 2 1200
66 3 1200
66 4 1200
66 5 1200
66 6 1200
66 7 1200
66 8 1200
66 9 1200
66 10 1200
66 11 1200
66 12 1200
66 13 1200
66 14 1200
66 15 1200
66 16 1200
66 17 1200
66 18 1200
66 19 1200
66 20 1200
66 21 1200
66 22 1200
66 23 1200
66 24 1200
66 25 1200
66 26 1200
66 27 1200
66 28 1200
66 29 1200
66 30 1200
66 31 1200
66 32 1200
66 33 1200
66 34 1200
66 35 1200
66 36 1200
66 37 1200
66 38 1200
66 39 1200
66 40 1200
66 41 1200
66 42 1200
66 43 1200
66 44 1200
66 45 1200
66 46 1200
66 47 1200
66 48 1200
66 49 1200
66 50 1200
66 51 1200
66 52 1200
66 53 1200
66 54 1200
66 55 1200
66 56 1200
66 57 1200
66 58 1200
66 59 1200
66 60 1200
67 1 1200
67 2 1200
67 3 1200
67 4 1200
67 5 1200
67 6 1200
67 7 1200
67 8 1200
67 9 1200
67 10 1200
67 11 1200
67 12 1200
67 13 1200
67 14 1200
67 15 1200
67 16 1200
67 17 1200
67 18 1200
67 19 1200
67 20 1200
67 21 1200
67 22 1200
67 23 1200
67 24 1200
67 25 1200
67 26 1200
67 27 1200
67 28 1200
67 29 1200
67 30 1200
67 31 1200
67 32 1200
67 33 1200
67 34 1200
67 35 1200
67 36 1200
67 37 1200
67 38 1200
67 39 1200
67 40 1200
67 41 1200
67 42 1200
67 43 1200
67 44 1200
67 45 1200
67 46 1200
67 47 1200
67 48 1200
67 49 1200
67 50 1200
67 51 1200
67 52 1200
67 53 1200
67 54 1200
67 55 1200
67 56 1200
67 57 1200
67 58 1200
67 59 1200
67 60 1200
68 1 1200
68 2 1200
68 3 1200
68 4 1200
68 5 1200
68 6 1200
68 7 1200
68 8 1200
68 9 1200
68 10 1200
68 11 1200
68 12 1200
68 13 1200
68 14 1200
68 15 1200
68 16 1200
68 17 1200
68 18 1200
68 19 1200
68 20 1200
68 21 1200
68 22 1200
68 23 1200
68 24 1200
68 25 1200
68 26 1200
68 27 1200
68 28 1200
68 29 1200
68 30 1200
68 31 1200
68 32 1200
68 33 1200
68 34 1200
68 35 1200
68 36 1200
68 37 1200
68 38 1200
68 39 1200
68 40 1200
68 41 1200
68 42 1200
68 43 1200
68 44 1200
68 45 1200
68 46 1200
68 47 1200
68 48 1200
68 49 1200
68 50 1200
68 51 1200
68 52 1200
68 53 1200
68 54 1200
68 55 1200
68 56 1200
68 57 1200
68 58 1200
68 59 1200
68 60 1200
69 1 1200
69 2 1200
69 3 1200
69 4 1200
69 5 1200
69 6 1200
69 7 1200
69 8 1200
69 9 1200
69 10 1200
69 11 1200
69 12 1200
69 13 1200
69 14 1200
69 15 1200
69 16 1200
69 17 1200
69 18 1200
69 19 1200
69 20 1200
69 21 1200
69 22 1200
69 23 1200
69 24 1200
69 25 1200
69 26 1200
69 27 1200
69 28 1200
69 29 1200
69 30 1200
69 31 1200
69 32 1200
69 33 1200
69 34 1200
69 35 1200
69 36 1200
69 37 1200
69 38 1200
69 39 1200
69 40 1200
69 41 1200
69 42 1200
69 43 1200
69 44 1200
69 45 1200
69 46 1200
69 47 1200
69 48 1200
69 49 1200
69 50 1200
69 51 1200
69 52 1200
69 53 1200
69 54 1200
69 55 1200
69 56 1200
69 57 1200
69 58 1200
69 59 1200
69 60 1200
70 1 1200
70 2 1200
70 3 1200
70 4 1200
70 5 1200
70 6 1200
70 7 1200
70 8 1200
70 9 1200
70 10 1200
70 11 1200
70 12 1200
70 13 1200
70 14 1200
70 15 1200
70 16 1200
70 17 1200
70 18 1200
70 19 1200
70 20 1200
70 21 1200
70 22 1200
70 23 1200
70 24 1200
70 25 1200
70 26 1200
70 27 1200
70 28 1200
70 29 1200
70 30 1200
70 31 1200
70 32 1200
70 33 1200
70 34 1200
70 35 1200
70 36 1200
70 37 1200
70 38 1200
70 39 1200
70 40 1200
70 41 1200
70 42 1200
70 43 1200
70 44 1200
70 45 1200
70 46 1200
70 47 1200
70 48 1200
70 49 1200
70 50 1200
70 51 1200
70 52 1200
70 53 1200
70 54 1200
70 55 1200
70 56 1200
70 57 1200
70 58 1200
70 59 1200
70 60 1200
71 1 1200
71 2 1200
71 3 1200
71 4 1200
71 5 1200
71 6 1200
71 7 1200
71 8 1200
71 9 1200
71 10 1200
71 11 1200
71 12 1200
71 13 1200
71 14 1200
71 15 1200
71 16 1200
71 17 1200
71 18 1200
71 19 1200
71 20 1200
71 21 1200
71 22 1200
71 23 1200
71 24 1200
71 25 1200
71 26 1200
71 27 1200
71 28 1200
71 29 1200
71 30 1200
71 31 1200
71 32 1200
71 33 1200
71 34 1200
71 35 1200
71 36 1200
71 37 1200
71 38 1200
71 39 1200
71 40 1200
71 41 1200
71 42 1200
71 43 1200
71 44 1200
71 45 1200
71 46 1200
71 47 1200
71 48 1200
71 49 1200
71 50 1200
71 51 1200
71 52 1200
71 53 1200
71 54 1200
71 55 1200
71 56 1200
71 57 1200
71 58 1200
71 59 1200
71 60 1200
72 1 1200
72 2 1200
72 3 1200
72 4 1200
72 5 1200
72 6 1200
72 7 1200
72 8 1200
72 9 1200
72 10 1200
72 11 1200
72 12 1200
72 13 1200
72 14 1200
72 15 1200
72 16 1200
72 17 1200
72 18 1200
72 19 1200
72 20 1200
72 21 1200
72 22 1200
72 23 1200
72 24 1200
72 25 1200
72 26 1200
72 27 1200
72 28 1200
72 29 1200
72 30 1200
72 31 1200
72 32 1200
72 33 1200
72 34 1200
72 35 1200
72 36 1200
72 37 1200
72 38 1200
72 39 1200
72 40 1200
72 41 1200
72 42 1200
72 43 1200
72 44 1200
72 45 1200
72 46 1200
72 47 1200
72 48 1200
72 49 1200
72 50 1200
72 51 1200
72 52 1200
72 53 1200
72 54 1200
72 55 1200
72 56 1200
72 57 1200
72 58 1200
72 59 1200
72 60 1200
73 1 1200
73 2 1200
73 3 1200
73 4 1200
73 5 1200
73 6 1200
73 7 1200
73 8 1200
73 9 1200
73 10 1200
73 11 1200
73 12 1200
73 13 1200
73 14 1200
73 15 1200
73 16 1200
73 17 1200
73 18 1200
73 19 1200
73 20 1200
73 21 1200
73 22 1200
73 23 1200
73 24 1200
73 25 1200
73 26 1200
73 27 1200
73 28 1200
73 29 1200
73 30 1200
73 31 1200
73 32 1200
73 33 1200
73 34 1200
73 35 1200
73 36 1200
73 37 1200
73 38 1200
73 39 1200
73 40 1200
73 41 1200
73 42 1200
73 43 1200
73 44 1200
73 45 1200
73 46 1200
73 47 1200
73 48 1200
73 49 1200
73 50 1200
73 51 1200
73 52 1200
73 53 1200
73 54 1200
73 55 1200
73 56 1200
73 57 1200
73 58 1200
73 59 1200
73 60 1200
74 1 1200
74 2 1200
74 3 1200
74 4 1200
74 5 1200
74 6 1200
74 7 1200
74 8 1200
74 9 1200
74 10 1200
74 11 1200
74 12 1200
74 13 1200
74 14 1200
74 15 1200
74 16 1200
74 17 1200
74 18 1200
74 19 1200
74 20 1200
74 21 1200
74 22 1200
74 23 1200
74 24 1200
74 25 1200
74 26 1200
74 27 1200
74 28 1200
74 29 1200
74 30 1200
74 31 1200
74 32 1200
74 33 1200
74 34 1200
74 35 1200
74 36 1200
74 37 1200
74 38 1200
74 39 1200
74 40 1200
74 41 1200
74 42 1200
74 43 1200
74 44 1200
74 45 1200
74 46 1200
74 47 1200
74 48 1200
74 49 1200
74 50 1200
74 51 1200
74 52 1200
74 53 1200
74 54 1200
74 55 1200
74 56 1200
74 57 1200
74 58 1200
74 59 1200
74 60 1200
75 1 1200
75 2 1200
75 3 1200
75 4 1200
75 5 1200
75 6 1200
75 7 1200
75 8 1200
75 9 1200
75 10 1200
75 11 1200
75 12 1200
75 13 1200
75 14 1200
75 15 1200
75 16 1200
75 17 1200
75 18 1200
75 19 1200
75 20 1200
75 21 1200
75 22 1200
75 23 1200
75 24 1200
75 25 1200
75 26 1200
75 27 1200
75 28 1200
75 29 1200
75 30 1200
75 31 1200
75 32 1200
75 33 1200
75 34 1200
75 35 1200
75 36 1200
75 37 1200
75 38 1200
75 39 1200
75 40 1200
75 41 1200
75 42 1200
75 43 1200
75 44 1200
75 45 1200
75 46 1200
75 47 1200
75 48 1200
75 49 1200
75 50 1200
75 51 1200
75 52 1200
75 53 1200
75 54 1200
75 55 1200
75 56 1200
75 57 1200
75 58 1200
75 59 1200
75 60 1200
76 1 1200
76 2 1200
76 3 1200
76 4 1200
76 5 1200
76 6 1200
76 7 1200
76 8 1200
76 9 1200
76 10 1200
76 11 1200
76 12 1200
76 13 1200
76 14 1200
76 15 1200
76 16 1200
76 17 1200
76 18 1200
76 19 1200
76 20 1200
76 21 1200
76 22 1200
76 23 1200
76 24 1200
76 25 1200
76 26 1200
76 27 1200
76 28 1200
76 29 1200
76 30 1200
76 31 1200
76 32 1200
76 33 1200
76 34 1200
76 35 1200
76 36 1200
76 37 1200
76 38 1200
76 39 1200
76 40 1200
76 41 1200
76 42 1200
76 43 1200
76 44 1200
76 45 1200
76 46 1200
76 47 1200
76 48 1200
76 49 1200
76 50 1200
76 51 1200
76 52 1200
76 53 1200
76 54 1200
76 55 1200
76 56 1200
76 57 1200
76 58 1200
76 59 1200
76 60 1200
77 1 1200
77 2 1200
77 3 1200
77 4 1200
77 5 1200
77 6 1200
77 7 1200
77 8 1200
77 9 1200
77 10 1200
77 11 1200
77 12 1200
77 13 1200
77 14 1200
77 15 1200
77 16 1200
77 17 1200
77 18 1200
77 19 1200
77 20 1200
77 21 1200
77 22 1200
77 23 1200
77 24 1200
77 25 1200
77 26 1200
77 27 1200
77 28 1200
77 29 1200
77 30 1200
77 31 1200
77 32 1200
77 33 1200
77 34 1200
77 35 1200
77 36 1200
77 37 1200
77 38 1200
77 39 1200
77 40 1200
77 41 1200
77 42 1200
77 43 1200
77 44 1200
77 45 1200
77 46 1200
77 47 1200
77 48 1200
77 49 1200
77 50 1200
77 51 1200
77 52 1200
77 53 1200
77 54 1200
77 55 1200
77 56 1200
77 57 1200
77 58 1200
77 59 1200
77 60 1200
78 1 1200
78 2 1200
78 3 1200
78 4 1200
78 5 1200
78 6 1200
78 7 1200
78 8 1200
78 9 1200
78 10 1200
78 11 1200
78 12 1200
78 13 1200
78 14 1200
78 15 1200
78 16 1200
78 17 1200
78 18 1200
78 19 1200
78 20 1200
78 21 1200
78 22 1200
78 23 1200
78 24 1200
78 25 1200
78 26 1200
78 27 1200
78 28 1200
78 29 1200
78 30 1200
78 31 1200
78 32 1200
78 33 1200
78 34 1200
78 35 1200
78 36 1200
78 37 1200
78 38 1200
78 39 1200
78 40 1200
78 41 1200
78 42 1200
78 43 1200
78 44 1200
78 45 1200
78 46 1200
78 47 1200
78 48 1200
78 49 1200
78 50 1200
78 51 1200
78 52 1200
78 53 1200
78 54 1200
78 55 1200
78 56 1200
78 57 1200
78 58 1200
78 59 1200
78 60 1200
79 1 1200
79 2 1200
79 3 1200
79 4 1200
79 5 1200
79 6 1200
79 7 1200
79 8 1200
79 9 1200
79 10 1200
79 11 1200
79 12 1200
79 13 1200
79 14 1200
79 15 1200
79 16 1200
79 17 1200
79 18 1200
79 19 1200
79 20 1200
79 21 1200
79 22 1200
79 23 1200
79 24 1200
79 25 1200
79 26 1200
79 27 1200
79 28 1200
79 29 1200
79 30 1200
79 31 1200
79 32 1200
79 33 1200
79 34 1200
79 35 1200
79 36 1200
79 37 1200
79 38 1200
79 39 1200
79 40 1200
79 41 1200
79 42 1200
79 43 1200
79 44 1200
79 45 1200
79 46 1200
79 47 1200
79 48 1200
79 49 1200
79 50 1200
79 51 1200
79 52 1200
79 53 1200
79 54 1200
79 55 1200
79 56 1200
79 57 1200
79 58 1200
79 59 1200
79 60 1200
80 1 1200
80 2 1200
80 3 1200
80 4 1200
80 5 1200
80 6 1200
80 7 1200
80 8 1200
80 9 1200
80 10 1200
80 11 1200
80 12 1200
80 13 1200
80 14 1200
80 15 1200
80 16 1200
80 17 1200
80 18 1200
80 19 1200
80 20 1200
80 21 1200
80 22 1200
80 23 1200
80 24 1200
80 25 1200
80 26 1200
80 27 1200
80 28 1200
80 29 1200
80 30 1200
80 31 1200
80 32 1200
80 33 1200
80 34 1200
80 35 1200
80 36 1200
80 37 1200
80 38 1200
80 39 1200
80 40 1200
80 41 1200
80 42 1200
80 43 1200
80 44 1200
80 45 1200
80 46 1200
80 47 1200
80 48 1200
80 49 1200
80 50 1200
80 51 1200
80 52 1200
80 53 1200
80 54 1200
80 55 1200
80 56 1200
80 57 1200
80 58 1200
80 59 1200
80 60 1200
81 1 1200
81 2 1200
81 3 1200
81 4 1200
81 5 1200
81 6 1200
81 7 1200
81 8 1200
81 9 1200
81 10 1200
81 11 1200
81 12 1200
81 13 1200
81 14 1200
81 15 1200
81 16 1200
81 17 1200
81 18 1200
81 19 1200
81 20 1200
81 21 1200
81 22 1200
81 23 1200
81 24 1200
81 25 1200
81 26 1200
81 27 1200
81 28 1200
81 29 1200
81 30 1200
81 31 1200
81 32 1200
81 33 1200
81 34 1200
81 35 1200
81 36 1200
81 37 1200
81 38 1200
81 39 1200
81 40 1200
81 41 1200
81 42 1200
81 43 1200
81 44 1200
81 45 1200
81 46 1200
81 47 1200
81 48 1200
81 49 1200
81 50 1200
81 51 1200
81 52 1200
81 53 1200
81 54 1200
81 55 1200
81 56 1200
81 57 1200
81 58 1200
81 59 1200
81 60 1200
82 1 1200
82 2 1200
82 3 1200
82 4 1200
82 5 1200
82 6 1200
82 7 1200
82 8 1200
82 9 1200
82 10 1200
82 11 1200
82 12 1200
82 13 1200
82 14 1200
82 15 1200
82 16 1200
82 17 1200
82 18 1200
82 19 1200
82 20 1200
82 21 1200
82 22 1200
82 23 1200
82 24 1200
82 25 1200
82 26 1200
82 27 1200
82 28 1200
82 29 1200
82 30 1200
82 31 1200
82 32 1200
82 33 1200
82 34 1200
82 35 1200
82 36 1200
82 37 1200
82 38 1200
82 39 1200
82 40 1200
82 41 1200
82 42 1200
82 43 1200
82 44 1200
82 45 1200
82 46 1200
82 47 1200
82 48 1200
82 49 1200
82 50 1200
82 51 1200
82 52 1200
82 53 1200
82 54 1200
82 55 1200
82 56 1200
82 57 1200
82 58 1200
82 59 1200
82 60 1200
83 1 1200
83 2 1200
83 3 1200
83 4 1200
83 5 1200
83 6 1200
83 7 1200
83 8 1200
83 9 1200
83 10 1200
83 11 1200
83 12 1200
83 13 1200
83 14 1200
83 15 1200
83 16 1200
83 17 1200
83 18 1200
83 19 1200
83 20 1200
83 21 1200
83 22 1200
83 23 1200
83 24 1200
83 25 1200
83 26 1200
83 27 1200
83 28 1200
83 29 1200
83 30 1200
83 31 1200
83 32 1200
83 33 1200
83 34 1200
83 35 1200
83 36 1200
83 37 1200
83 38 1200
83 39 1200
83 40 1200
83 41 1200
83 42 1200
83 43 1200
83 44 1200
83 45 1200
83 46 1200
83 47 1200
83 48 1200
83 49 1200
83 50 1200
83 51 1200
83 52 1200
83 53 1200
83 54 1200
83 55 1200
83 56 1200
83 57 1200
83 58 1200
83 59 1200
83 60 1200
84 1 1200
84 2 1200
84 3 1200
84 4 1200
84 5 1200
84 6 1200
84 7 1200
84 8 1200
84 9 1200
84 10 1200
84 11 1200
84 12 1200
84 13 1200
84 14 1200
84 15 1200
84 16 1200
84 17 1200
84 18 1200
84 19 1200
84 20 1200
84 21 1200
84 22 1200
84 23 1200
84 24 1200
84 25 1200
84 26 1200
84 27 1200
84 28 1200
84 29 1200
84 30 1200
84 31 1200
84 32 1200
84 33 1200
84 34 1200
84 35 1200
84 36 1200
84 37 1200
84 38 1200
84 39 1200
84 40 1200
84 41 1200
84 42 1200
84 43 1200
84 44 1200
84 45 1200
84 46 1200
84 47 1200
84 48 1200
84 49 1200
84 50 1200
84 51 1200
84 52 1200
84 53 1200
84 54 1200
84 55 1200
84 56 1200
84 57 1200
84 58 1200
84 59 1200
84 60 1200
85 1 1200
85 2 1200
85 3 1200
85 4 1200
85 5 1200
85 6 1200
85 7 1200
85 8 1200
85 9 1200
85 10 1200
85 11 1200
85 12 1200
85 13 1200
85 14 1200
85 15 1200
85 16 1200
85 17 1200
85 18 1200
85 19 1200
85 20 1200
85 21 1200
85 22 1200
85 23 1200
85 24 1200
85 25 1200
85 26 1200
85 27 1200
85 28 1200
85 29 1200
85 30 1200
85 31 1200
85 32 1200
85 33 1200
85 34 1200
85 35 1200
85 36 1200
85 37 1200
85 38 1200
85 39 1200
85 40 1200
85 41 1200
85 42 1200
85 43 1200
85 44 1200
85 45 1200
85 46 1200
85 47 1200
85 48 1200
85 49 1200
85 50 1200
85 51 1200
85 52 1200
85 53 1200
85 54 1200
85 55 1200
85 56 1200
85 57 1200
85 58 1200
85 59 1200
85 60 1200
86 1 1200
86 2 1200
86 3 1200
86 4 1200
86 5 1200
86 6 1200
86 7 1200
86 8 1200
86 9 1200
86 10 1200
86 11 1200
86 12 1200
86 13 1200
86 14 1200
86 15 1200
86 16 1200
86 17 1200
86 18 1200
86 19 1200
86 20 1200
86 21 1200
86 22 1200
86 23 1200
86 24 1200
86 25 1200
86 26 1200
86 27 1200
86 28 1200
86 29 1200
86 30 1200
86 31 1200
86 32 1200
86 33 1200
86 34 1200
86 35 1200
86 36 1200
86 37 1200
86 38 1200
86 39 1200
86 40 1200
86 41 1200
86 42 1200
86 43 1200
86 44 1200
86 45 1200
86 46 1200
86 47 1200
86 48 1200
86 49 1200
86 50 1200
86 51 1200
86 52 1200
86 53 1200
86 54 1200
86 55 1200
86 56 1200
86 57 1200
86 58 1200
86 59 1200
86 60 1200
