0 400
1.21428e-06 401
2.98988e-06 402
5.56704e-06 403
9.27996e-06 404
1.45897e-05 405
2.2127e-05 406
3.27475e-05 407
4.76029e-05 408
6.82298e-05 409
9.66616e-05 410
0.000135464 411
0.00018804 412
0.000258768 413
0.000353243 414
0.000478552 415
0.000643609 416
0.000859539 417
0.00114013 418
0.00150233 419
0.00196687 420
0.00255731 421
0.00330316 422
0.00423973 423
0.00540899 424
0.00686061 425
0.00865309 426
0.010855 427
0.0135464 428
0.0168204 429
0.0207845 430
0.0255606 431
0.0312896 432
0.0381322 433
0.0462696 434
0.0559046 435
0.067261 436
0.0805821 437
0.0961257 438
0.114157 439
0.134937 440
0.1587 441
0.185636 442
0.21586 443
0.249382 444
0.286073 445
0.32564 446
0.367627 447
0.411423 448
0.456301 449
0.501479 450
0.546135 451
0.589559 452
0.631161 453
0.670482 454
0.707212 455
0.741168 456
0.772282 457
0.800571 458
0.826121 459
0.84906 460
0.869505 461
0.887638 462
0.903647 463
0.917718 464
0.930031 465
0.940761 466
0.950068 467
0.958106 468
0.965016 469
0.970926 470
0.975962 471
0.980232 472
0.983832 473
0.98685 474
0.989366 475
0.991451 476
0.993168 477
0.994573 478
0.995715 479
0.996638 480
0.997379 481
0.997971 482
0.998439 483
0.998808 484
0.999096 485
0.99932 486
0.999492 487
0.999623 488
0.999723 489
0.999798 490
0.999855 491
0.999897 492
0.999927 493
0.99995 494
0.999966 495
0.999978 496
0.999987 497
0.999993 498
0.999997 499
1 500
