0 450
0.00121735 451
0.00261513 452
0.00421844 453
0.00605541 454
0.00815749 455
0.0105596 456
0.0133005 457
0.0164227 458
0.0199728 459
0.0240016 460
0.0285547 461
0.0336882 462
0.0394613 463
0.0459361 464
0.0531763 465
0.0612468 466
0.0702123 467
0.0801362 468
0.0910789 469
0.103096 470
0.116252 471
0.13059 472
0.146142 473
0.16293 474
0.180959 475
0.200217 476
0.220679 477
0.242296 478
0.265003 479
0.288718 480
0.313375 481
0.33886 482
0.365044 483
0.391785 484
0.418934 485
0.446334 486
0.473828 487
0.501259 488
0.528474 489
0.555329 490
0.581716 491
0.60751 492
0.632604 493
0.656901 494
0.680321 495
0.702802 496
0.724293 497
0.744761 498
0.764185 499
0.782555 500
0.799861 501
0.816115 502
0.831341 503
0.845567 504
0.858829 505
0.871164 506
0.882615 507
0.893226 508
0.903043 509
0.912111 510
0.920418 511
0.928019 512
0.934964 513
0.941303 514
0.947082 515
0.952346 516
0.957137 517
0.961493 518
0.96545 519
0.969043 520
0.972285 521
0.975207 522
0.977839 523
0.980208 524
0.982338 525
0.984253 526
0.985972 527
0.987515 528
0.988899 529
0.99014 530
0.991258 531
0.992266 532
0.993173 533
0.993991 534
0.994726 535
0.995388 536
0.995983 537
0.996517 538
0.996997 539
0.997428 540
0.997818 541
0.99817 542
0.998489 543
0.998776 544
0.999036 545
0.99927 546
0.999482 547
0.999673 548
0.999845 549
1 550
