1098.47 0.155516 0.0422557 -10.0326
1108.47 0.157509 0.0428217 -9.9079
1118.47 0.157899 0.0429327 -9.78201
1128.47 0.151855 0.0412168 -9.65497
1138.47 0.163801 0.0446113 -9.52675
1148.47 0.179587 0.0491141 -9.39738
1158.47 0.172444 0.0470742 -9.26685
1168.47 0.129466 0.0348879 -9.13515
1178.47 0.110274 0.0295018 -9.00227
1188.47 0.113105 0.0302938 -8.86824
1198.47 0.134077 0.0361874 -8.73305
1208.47 0.136915 0.0369883 -8.59668
1218.47 0.16263 0.0442779 -8.45915
1228.47 0.180362 0.0493356 -8.32047
1238.47 0.166381 0.0453458 -8.18062
1248.47 0.157759 0.0428928 -8.0396
1258.47 0.132385 0.0357103 -7.89742
1268.47 0.112401 0.0300968 -7.75407
1278.47 0.105441 0.0281518 -7.60956
1288.47 0.0998672 0.0265984 -7.46388
1298.47 0.0920795 0.0244345 -7.31705
1308.47 0.111759 0.029917 -7.16904
1318.47 0.138487 0.0374324 -7.01987
1328.47 0.117946 0.0316501 -6.86954
1338.47 0.11421 0.0306032 -6.71803
1348.47 0.115438 0.0255938 -6.56537
1358.47 0.0606746 0.0146585 -6.41154
1368.47 0.08187 0.02528 -6.25656
1378.47 0.0963147 0.0169668 -6.1004
1388.47 0.0656714 0.0197689 -5.94309
1398.47 0.0605789 0.0227844 -5.78459
1408.47 0.0729712 0.0231987 -5.62495
1418.47 0.0602975 0.0202091 -5.46414 0.117856 -0.058928
1428.47 0.0432536 0.0101364 -5.30216 0.10908 -0.05454
1438.47 0.0545355 0.0169797 -5.13902 0.107465 -0.0537325
1448.47 0.0564464 0.0148122 -4.97472 0.10488 -0.05244
1458.47 0.052094 0.0129233 -4.80924 0.087736 -0.043868
1468.47 0.0540501 0.011207 -4.64261 0.082902 -0.041451
1478.47 0.0372048 0.00858937 -4.47481 0.0805402 -0.0402701
1488.47 0.0285977 0.00627007 -4.30585 0.0818809 -0.0409405
1498.47 0.0289368 0.00721764 -4.13571 0.0798283 -0.0399142
1508.47 0.0285195 0.00686835 -3.96442 0.0800513 -0.0400256
1518.47 0.0293234 0.00994676 -3.79196 0.0763324 -0.0381662
1528.47 0.0550796 0.0148848 -3.61835 0.0642643 -0.0321321
1538.47 0.0653023 0.0174822 -3.44356 0.0641044 -0.0320522
1548.47 0.0772123 0.0238926 -3.26761 0.0628966 -0.0314483
1558.47 0.0468853 0.0151353 -3.0905 0.0652138 -0.0326069
1568.47 0.0646533 0.0143573 -2.91222 0.0686845 -0.0343422
1578.47 0.0630069 0.0163123 -2.73277 0.0707364 -0.0353682
1588.47 0.0655078 0.013377 -2.55217 0.0692302 -0.0346151
1598.47 0.0297128 0.0116745 -2.37039 0.0662462 -0.0331231
1608.47 0.043043 0.010891 -2.18745 0.0661748 -0.0330874
1618.47 0.047685 0.01209 -2.00336 0.0615472 -0.0307736
1628.47 0.0597992 0.0172207 -1.81808 0.0634235 -0.0317117
1638.47 0.0405063 0.00870217 -1.63165 0.0615481 -0.0307741
1648.47 0.0250067 0.00802777 -1.44406 0.0599697 -0.0299849
1658.47 0.0272202 0.00641338 -1.25531 0.0583369 -0.0291684
1668.47 0.0219626 0.00493057 -1.06538 0.0588927 -0.0294463
1678.47 0.0274253 0.00559704 -0.874298 0.0552633 -0.0276316
1688.47 0.0236664 0.00624764 -0.682053 0.0543821 -0.027191
1698.47 0.0384189 0.00585253 -0.488632 0.0557487 -0.0278743
1708.47 0.0362821 0.0109999 -0.294052 0.0551625 -0.0275813
1718.47 0.0466785 0.0140449 -0.098297 0.0557139 -0.027857
1728.47 0.0482153 0.015566 0.098602 0.0569467 -0.0284734
1738.47 0.0451946 0.0194443 0.296677 0.0577491 -0.0288746
1748.47 0.0491989 0.010518 0.495911 0.0576972 -0.0288486
1758.47 0.0433237 0.00777571 0.69632 0.05899 -0.029495
1768.47 0.0368187 0.0106442 0.897888 0.0585628 -0.0292814
1778.47 0.0291187 0.00776451 1.10062 0.0564397 -0.0282199
1788.47 0.0265954 0.0074258 1.30452 0.0561026 -0.0280513
1798.47 0.0313964 0.00613889 1.50957 0.0560151 -0.0280076
1808.47 0.0211568 0.00433883 1.71581 0.0551049 -0.0275524
1818.47 0.0232899 0.00588244 1.92319 0.0563022 -0.0281511
1828.47 0.0271712 0.00684982 2.13174 0.055045 -0.0275225
1838.47 0.0308155 0.00916085 2.34146 0.0548592 -0.0274296
1848.47 0.0383869 0.0100242 2.55234 0.0550313 -0.0275156
1858.47 0.0529191 0.00971674 2.76439 0.0541099 -0.027055
1868.47 0.0376082 0.0159089 2.9776 0.0539054 -0.0269527
1878.47 0.0471109 0.0111196 3.19197 0.0534469 -0.0267234
1888.47 0.0255519 0.00668387 3.40752 0.0536193 -0.0268097
1898.47 0.0248028 0.00547507 3.62422 0.0548939 -0.027447
1908.47 0.0284873 0.00769932 3.84209 0.0571875 -0.0285938
1918.47 0.0219999 0.00433188 4.06111 0.0575038 -0.0287519
1928.47 0.0218284 0.00516209 4.28131 0.0586104 -0.0293052
1938.47 0.030481 0.00647819 4.50267 0.0607843 -0.0303921
1948.47 0.0319477 0.0078097 4.72521 0.0596394 -0.0298197
1958.47 0.0435125 0.013178 4.9489 0.060437 -0.0302185
1968.47 0.0517872 0.0104275 5.17375 0.0640678 -0.0320339
1978.47 0.0456297 0.0163531 5.39977 0.0654699 -0.0327349
1988.47 0.103522 0.0220969 5.62696 0.0682896 -0.0341448
1998.47 0.125575 0.039754 5.8553 0.0713168 -0.0356584
2008.47 0.0971488 0.019504 6.08481 0.0724132 -0.0362066
2018.47 0.0817012 0.0203612 6.31549 0.0708222 -0.0354111
2028.47 0.115475 0.0326619 6.54734 0.0752616 -0.0376308
2038.47 0.137953 0.0405051 6.78034 0.0706978 -0.0353489
2048.47 0.155949 0.0287134 7.01451 0.0666726 -0.0333363
2058.47 0.162278 0.041686 7.24985 0.075269 -0.0376345
2068.47 0.111804 0.0373826 7.48634 0.0749615 -0.0374808
2078.47 0.0824921 0.0228665 7.724 0.0731824 -0.0365912
2088.47 0.0439487 0.0118167 7.96283 0.0722562 -0.0361281
2098.47 0.0203099 0.00621274 8.20282 0.0708038 -0.0354019
2108.47 0.0183752 0.00496042 8.44399 0.0705437 -0.0352719
2118.47 0.0287297 0.00668283 8.6863 0.071259 -0.0356295
2128.47 0.0330152 0.00619234 8.92978 0.071646 -0.035823
2138.47 0.0233261 0.00665404 9.17444 0.0704302 -0.0352151
2148.47 0.0176238 0.00409576 9.42024 0.0706395 -0.0353198
2158.47 0.0188371 0.00620578 9.66722 0.0711351 -0.0355675
2168.47 0.0309669 0.00829113 9.91538 0.0721852 -0.0360926
2178.47 0.0362925 0.0111009 10.1647 0.0733998 -0.0366999
2188.47 0.0317113 0.00809331 10.4151 0.0745845 -0.0372922
2198.47 0.0342802 0.0100843 10.6668 0.0760525 -0.0380262
2208.47 0.0351431 0.00869914 10.9196 0.0781463 -0.0390732
2218.47 0.0206139 0.00634612 11.1736 0.0798325 -0.0399163
2228.47 0.021909 0.00670364 11.4287 0.0817795 -0.0408897
2238.47 0.0182342 0.00517225 11.685 0.0829075 -0.0414537
2248.47 0.0198984 0.00498439 11.9424 0.0837383 -0.0418692
2258.47 0.0182567 0.00461737 12.2011 0.0861999 -0.0430999
2268.47 0.0139469 0.0046345 12.4608 0.0876652 -0.0438326
2278.47 0.0153824 0.00344068 12.7218 0.087611 -0.0438055
2288.47 0.0134493 0.00347515 12.9839 0.0874702 -0.0437351
2298.47 0.0133467 0.00280608 13.2472 0.0879349 -0.0439674
2308.47 0.0120187 0.00315576 13.5116 0.0884755 -0.0442377
2318.47 0.0158229 0.0043853 13.7772 0.088061 -0.0440305
2328.47 0.0177471 0.00415293 14.044 0.0871334 -0.0435667
2338.47 0.0188045 0.00464663 14.312 0.0858168 -0.0429084
2348.47 0.0293349 0.0110762 14.5811 0.0845897 -0.0422949
2358.47 0.0384371 0.0128103 14.8513 0.0842073 -0.0421037
2368.47 0.0286225 0.0096173 15.1228 0.0823872 -0.0411936
2378.47 0.0298583 0.00588672 15.3953 0.0837448 -0.0418724
2388.47 0.0226008 0.00683495 15.6691 0.0847378 -0.0423689
2398.47 0.0227766 0.00469417 15.944 0.0876672 -0.0438336
2408.47 0.0180571 0.00410074 16.2201 0.0871733 -0.0435867
2418.47 0.0177847 0.00429247 16.4974 0.0869066 -0.0434533
2428.47 0.0125223 0.00372861 16.7758 0.0879968 -0.0439984
2438.47 0.0127867 0.0039609 17.0554 0.0890936 -0.0445468
2448.47 0.0140584 0.00356561 17.3361 0.0908441 -0.045422
2458.47 0.0099734 0.00266841 17.618 0.0936115 -0.0468058
2468.47 0.0141441 0.00391968 17.9011 0.0953483 -0.0476741
2478.47 0.0113009 0.00321569 18.1854 0.0986154 -0.0493077
2488.47 0.016773 0.00333618 18.4708 0.0986646 -0.0493323
2498.47 0.0179905 0.0039511 18.7573 0.101528 -0.050764
2508.47 0.0210883 0.00566188 19.0451
2518.47 0.0196829 0.00550049 19.3339
2528.47 0.0222287 0.0054081 19.624
2538.47 0.0226799 0.00470202 19.9152
2548.47 0.0309223 0.0081376 20.2076
2558.47 0.0232415 0.00592644 20.5012
2568.47 0.0180926 0.00387496 20.7959
2578.47 0.0190261 0.00572507 21.0918
2588.47 0.0312148 0.0078887 21.3888
2598.47 0.0222317 0.00553308 21.687
2608.47 0.0184374 0.00455018 21.9864
2618.47 0.0146423 0.00357621 22.2869
2628.47 0.0118149 0.00285785 22.5887
2638.47 0.0099412 0.00238596 22.8915
2648.47 0.00926947 0.00221773 23.1956
2658.47 0.010687 0.00257335 23.5007
2668.47 0.0114044 0.00275415 23.8071
2678.47 0.0120674 0.0029217 24.1146
2688.47 0.012706 0.00308348 24.4234
2698.47 0.0107128 0.00257984 24.7322
2708.47 0.00858574 0.00204705 25.041
2718.47 0.0109556 0.00264098 25.3498
2728.47 0.0227855 0.00567721 25.6586
2738.47 0.0552844 0.0143366 25.9674
2748.47 0.0901224 0.023892 26.2762
2758.47 0.101835 0.0271464 26.585
2768.47 0.123085 0.0330928 26.8938
2778.47 0.152149 0.0413 27.2026
2788.47 0.126893 0.0341635 27.5114
2798.47 0.119694 999 27.8202
