0 290
6.65187e-14 291
2.00741e-13 292
4.66286e-13 293
9.80873e-13 294
1.95638e-12 295
3.76241e-12 296
7.02056e-12 297
1.27301e-11 298
2.2405e-11 299
3.81469e-11 300
2.48947e-10 301
9.88261e-10 302
3.00071e-09 303
7.86425e-09 304
1.87878e-08 305
4.20766e-08 306
8.97529e-08 307
1.8413e-07 308
3.65608e-07 309
7.05643e-07 310
1.4506e-06 311
2.96771e-06 312
5.90083e-06 313
1.13464e-05 314
2.1123e-05 315
3.81731e-05 316
6.71481e-05 317
0.000115237 318
0.000193312 319
0.000317468 320
0.00053427 321
0.000896734 322
0.00148152 323
0.00239645 324
0.00378888 325
0.00585414 326
0.00884214 327
0.0130592 328
0.0188603 329
0.0266264 330
0.0371493 331
0.0508752 332
0.0680992 333
0.0888932 334
0.113079 335
0.140264 336
0.169915 337
0.20145 338
0.234307 339
0.267989 340
0.302644 341
0.33788 342
0.373373 343
0.408855 344
0.44411 345
0.478962 346
0.513268 347
0.546915 348
0.57981 349
0.611881 350
0.642479 351
0.671637 352
0.69939 353
0.725777 354
0.750834 355
0.774598 356
0.797104 357
0.818381 358
0.838456 359
0.857349 360
0.875136 361
0.89181 362
0.907353 363
0.921735 364
0.934915 365
0.94684 366
0.957455 367
0.966712 368
0.974586 369
0.981095 370
0.986269 371
0.990253 372
0.993229 373
0.995388 374
0.996915 375
0.997971 376
0.998686 377
0.999163 378
0.999474 379
0.999675 380
0.999802 381
0.999881 382
0.99993 383
0.999959 384
0.999977 385
0.999987 386
0.999993 387
0.999997 388
0.999999 389
1 390
