0 320
7.0529e-08 321
1.75661e-07 322
3.28791e-07 323
5.47882e-07 324
8.56898e-07 325
1.28767e-06 326
1.88235e-06 327
2.6965e-06 328
3.80329e-06 329
5.29873e-06 330
7.39358e-06 331
1.02964e-05 332
1.42829e-05 333
1.97175e-05 334
2.70804e-05 335
3.70041e-05 336
5.03213e-05 337
6.81277e-05 338
9.18659e-05 339
0.000123435 340
0.000166037 341
0.00022334 342
0.000300225 343
0.000403192 344
0.000540909 345
0.000724966 346
0.00097088 347
0.00129949 348
0.00173883 349
0.00232675 350
0.00309951 351
0.00411782 352
0.00546321 353
0.00724537 354
0.0096118 355
0.0127607 356
0.0169571 357
0.0225534 358
0.0300116 359
0.039927 360
0.0530918 361
0.0704267 362
0.0929724 363
0.121792 364
0.157798 365
0.201502 366
0.252751 367
0.31054 368
0.373031 369
0.437804 370
0.501774 371
0.56271 372
0.619002 373
0.66973 374
0.714585 375
0.753705 376
0.787508 377
0.816548 378
0.841421 379
0.862704 380
0.880886 381
0.896442 382
0.909782 383
0.921253 384
0.931145 385
0.939701 386
0.947124 387
0.953582 388
0.959216 389
0.964145 390
0.968461 391
0.972249 392
0.97558 393
0.978515 394
0.981105 395
0.983394 396
0.985418 397
0.987211 398
0.988799 399
0.990207 400
0.991455 401
0.992559 402
0.993537 403
0.994403 404
0.99517 405
0.995849 406
0.996449 407
0.99698 408
0.997448 409
0.997862 410
0.998225 411
0.998544 412
0.998823 413
0.999068 414
0.999282 415
0.999468 416
0.99963 417
0.999772 418
0.999894 419
1 420
