1 1 0.772544 0
1 2 0.894209 0
1 3 0.93481 0
1 4 1.09052 0
1 5 1.00436 0
1 6 1.06845 0
1 7 1.0026 0
1 8 0.955278 0
1 9 0.998147 0
1 10 0.972182 0
1 11 0.895944 0
1 12 0.992135 0
1 13 0.849466 0
1 14 1.01704 0
1 15 1.0711 0
1 16 1.15937 0
1 17 1.11524 0
1 18 0.953038 0
1 19 1 0
1 20 0.969112 0
1 21 0.962144 0
1 22 1.04891 0
1 23 0.948178 0
1 24 1.01342 0
1 25 1.02893 0
1 26 0.918346 0
1 27 1.07275 0
1 28 1.31384 0
1 29 1.14108 0
1 30 0.929938 0
1 31 0.982514 0
1 32 1.13373 0
1 33 1.11944 0
1 34 1.08151 0
1 35 0.979984 0
1 36 0.856438 0
1 37 0.694271 0
1 38 1.00201 0
1 39 0.817086 0
1 40 0.902885 0
1 41 0.97044 0
1 42 0.937229 0
1 43 0.894825 0
1 44 0.892947 0
1 45 1 0
1 46 1 0
1 47 1.01883 0
1 48 0.910567 0
1 49 1.06148 0
1 50 0.981392 0
1 51 0.978023 0
1 52 0.941443 0
1 53 0.990029 0
1 54 1.03891 0
1 55 0.962625 0
1 56 1.03822 0
1 57 0.951315 0
1 58 0.93199 0
1 59 0.975674 0
1 60 1.00959 0
2 1 0.818356 0
2 2 0.881534 0
2 3 1.15706 0
2 4 0.931932 0
2 5 1.06318 0
2 6 1.05375 0
2 7 1.02137 0
2 8 0.880007 0
2 9 0.950812 0
2 10 0.936105 0
2 11 0.9101 0
2 12 0.921051 0
2 13 0.971337 0
2 14 1.04363 0
2 15 0.924396 0
2 16 1.04617 0
2 17 1.1645 0
2 18 0.930721 0
2 19 0.999429 0
2 20 0.916925 0
2 21 0.9252 0
2 22 0.951338 0
2 23 1.04608 0
2 24 0.984727 0
2 25 0.947872 0
2 26 0.950604 0
2 27 1.10095 0
2 28 1.06603 0
2 29 1.01758 0
2 30 0.984218 0
2 31 1.04464 0
2 32 0.973854 0
2 33 1.05439 0
2 34 1.10799 0
2 35 1.0513 0
2 36 0.898889 0
2 37 0.964016 0
2 38 0.724186 0
2 39 0.838418 0
2 40 0.824618 0
2 41 0.808183 0
2 42 0.929252 0
2 43 0.969918 0
2 44 0.898157 0
2 45 1.00686 0
2 46 0.849138 0
2 47 0.885876 0
2 48 0.846098 0
2 49 0.859732 0
2 50 0.862452 0
2 51 0.938098 0
2 52 0.990396 0
2 53 0.872005 0
2 54 0.995879 0
2 55 1.08952 0
2 56 1.14479 0
2 57 1.01039 0
2 58 1.12323 0
2 59 1.05907 0
2 60 1.00871 0
3 1 0.75542 0
3 2 0.854129 0
3 3 0.930423 0
3 4 1.13196 0
3 5 1.09678 0
3 6 1.14743 0
3 7 0.917567 0
3 8 0.957776 0
3 9 0.903305 0
3 10 0.975602 0
3 11 0.852643 0
3 12 0.896278 0
3 13 0.950423 0
3 14 0.998074 0
3 15 1.03577 0
3 16 1.11705 0
3 17 1.09648 0
3 18 1.02626 0
3 19 0.922222 0
3 20 0.897773 0
3 21 0.879455 0
3 22 0.979895 0
3 23 1.10956 0
3 24 1.09994 0
3 25 1.00218 0
3 26 0.972758 0
3 27 0.979244 0
3 28 1 0
3 29 0.982021 0
3 30 1.04999 0
3 31 1.08889 0
3 32 0.970712 0
3 33 1.24573 0
3 34 1.09297 0
3 35 1.12101 0
3 36 0.909915 0
3 37 0.714807 0
3 38 0.706733 0
3 39 0.88735 0
3 40 0.89299 0
3 41 0.941163 0
3 42 0.982431 0
3 43 0.866908 0
3 44 0.930707 0
3 45 1.01338 0
3 46 0.926976 0
3 47 0.934791 0
3 48 0.961532 0
3 49 0.896294 0
3 50 1.00956 0
3 51 1.00812 0
3 52 1.03977 0
3 53 1.12845 0
3 54 1.23611 0
3 55 1.19274 0
3 56 1.04969 0
3 57 0.853563 0
3 58 0.956504 0
3 59 0.960161 0
3 60 1.03435 0
4 1 0.726336 0
4 2 0.744066 0
4 3 1.00074 0
4 4 1.0599 0
4 5 1.11026 0
4 6 1.01328 0
4 7 0.948977 0
4 8 0.914927 0
4 9 0.841809 0
4 10 0.920587 0
4 11 0.799039 0
4 12 0.820391 0
4 13 1.01661 0
4 14 0.957052 0
4 15 0.939594 0
4 16 1.10994 0
4 17 1.06257 0
4 18 1.0413 0
4 19 1.00106 0
4 20 0.945878 0
4 21 0.909318 0
4 22 0.925703 0
4 23 0.962247 0
4 24 0.964315 0
4 25 1.04588 0
4 26 0.92672 0
4 27 0.885638 0
4 28 1.07229 0
4 29 0.961183 0
4 30 0.987134 0
4 31 0.903789 0
4 32 1.00829 0
4 33 1.29904 0
4 34 1.20327 0
4 35 1.16209 0
4 36 0.882433 0
4 37 0.67591 0
4 38 0.666667 0
4 39 0.824807 0
4 40 0.895124 0
4 41 0.887345 0
4 42 0.936109 0
4 43 1.12768 0
4 44 0.917972 0
4 45 0.908374 0
4 46 0.902343 0
4 47 0.875175 0
4 48 0.946841 0
4 49 0.961812 0
4 50 0.864888 0
4 51 1.04799 0
4 52 0.97051 0
4 53 0.959635 0
4 54 1.17461 0
4 55 1.10068 0
4 56 1.13314 0
4 57 1.15371 0
4 58 1.18121 0
4 59 1.07313 0
4 60 1.18584 0
5 1 0.729961 0
5 2 0.809372 0
5 3 0.919395 0
5 4 0.919621 0
5 5 1.09867 0
5 6 1.04061 0
5 7 1.02786 0
5 8 0.911666 0
5 9 0.830091 0
5 10 0.965157 0
5 11 0.829733 0
5 12 0.748046 0
5 13 1.00693 0
5 14 0.951512 0
5 15 1.01597 0
5 16 1.12554 0
5 17 1.07847 0
5 18 1.10272 0
5 19 0.89858 0
5 20 0.947677 0
5 21 1 0
5 22 1 0
5 23 0.962196 0
5 24 0.983618 0
5 25 0.925395 0
5 26 0.877397 0
5 27 0.798063 0
5 28 0.981464 0
5 29 0.991666 0
5 30 1.10184 0
5 31 1.01097 0
5 32 1.05122 0
5 33 1.29187 0
5 34 1.14012 0
5 35 1.12675 0
5 36 0.983408 0
5 37 0.874808 0
5 38 0.758015 0
5 39 0.863728 0
5 40 0.915286 0
5 41 0.960204 0
5 42 0.879456 0
5 43 1.11056 0
5 44 0.837704 0
5 45 1.06316 0
5 46 0.996259 0
5 47 0.917637 0
5 48 0.931273 0
5 49 1.03005 0
5 50 1.02441 0
5 51 0.922719 0
5 52 1.00428 0
5 53 0.980522 0
5 54 1.07861 0
5 55 1.1246 0
5 56 1.14453 0
5 57 1.26718 0
5 58 1.07666 0
5 59 1.23123 0
5 60 1.17635 0
6 1 0.799753 0
6 2 0.696276 0
6 3 0.828895 0
6 4 1.05312 0
6 5 1.14313 0
6 6 1.04787 0
6 7 0.968738 0
6 8 0.904315 0
6 9 0.877169 0
6 10 0.933229 0
6 11 1 0
6 12 0.755353 0
6 13 0.898216 0
6 14 0.934538 0
6 15 0.963582 0
6 16 1.05921 0
6 17 1.13207 0
6 18 1.00471 0
6 19 0.96375 0
6 20 0.886163 0
6 21 0.906933 0
6 22 0.864116 0
6 23 0.937238 0
6 24 0.98336 0
6 25 0.958646 0
6 26 0.913961 0
6 27 0.8843 0
6 28 0.877614 0
6 29 0.966804 0
6 30 0.961523 0
6 31 0.954541 0
6 32 0.902846 0
6 33 1.11507 0
6 34 1.07631 0
6 35 1.08822 0
6 36 0.936635 0
6 37 0.815613 0
6 38 0.666667 0
6 39 0.82494 0
6 40 0.791922 0
6 41 0.808132 0
6 42 1.00862 0
6 43 0.957121 0
6 44 0.999758 0
6 45 1.04583 0
6 46 0.89481 0
6 47 0.983535 0
6 48 1.10535 0
6 49 1.00888 0
6 50 1.10307 0
6 51 1.01716 0
6 52 1.12367 0
6 53 1.11229 0
6 54 1.13995 0
6 55 1.15783 0
6 56 1.07458 0
6 57 1.04626 0
6 58 1.15034 0
6 59 1.03142 0
6 60 1.02145 0
7 1 0.737436 0
7 2 0.903961 0
7 3 0.945216 0
7 4 1.19669 0
7 5 1.09552 0
7 6 1.10876 0
7 7 0.899538 0
7 8 0.975709 0
7 9 0.936024 0
7 10 0.913307 0
7 11 0.941185 0
7 12 0.852265 0
7 13 0.900326 0
7 14 0.980432 0
7 15 1.04506 0
7 16 0.989665 0
7 17 1.18565 0
7 18 0.922491 0
7 19 0.976603 0
7 20 0.952155 0
7 21 0.867915 0
7 22 1.03603 0
7 23 0.970493 0
7 24 1.01199 0
7 25 0.98726 0
7 26 0.978203 0
7 27 0.95701 0
7 28 0.984221 0
7 29 1.00477 0
7 30 1.04893 0
7 31 1.07769 0
7 32 1.13536 0
7 33 1.15585 0
7 34 0.913681 0
7 35 1 0
7 36 1 0
7 37 1 0
7 38 1 0
7 39 1 0
7 40 1 0
7 41 1 0
7 42 1 0
7 43 1 0
7 44 1 0
7 45 1 0
7 46 1 0
7 47 1.01457 0
7 48 0.819082 0
7 49 0.947867 0
7 50 0.906149 0
7 51 1.02136 0
7 52 0.993211 0
7 53 1.01639 0
7 54 1.14691 0
7 55 0.967575 0
7 56 1.03215 0
7 57 0.986579 0
7 58 1.03369 0
7 59 1.02988 0
7 60 0.953396 0
8 1 0.736618 0
8 2 0.895867 0
8 3 0.956109 0
8 4 1.03162 0
8 5 0.97806 0
8 6 1.01576 0
8 7 0.876123 0
8 8 0.894395 0
8 9 0.911552 0
8 10 0.904724 0
8 11 0.832261 0
8 12 0.805981 0
8 13 0.892016 0
8 14 1.04015 0
8 15 1.03671 0
8 16 0.977079 0
8 17 1.06911 0
8 18 0.956555 0
8 19 0.934937 0
8 20 0.894621 0
8 21 0.886026 0
8 22 0.87839 0
8 23 0.934995 0
8 24 0.997288 0
8 25 0.977139 0
8 26 0.946287 0
8 27 0.952623 0
8 28 0.900179 0
8 29 0.879238 0
8 30 0.940411 0
8 31 0.898412 0
8 32 0.914522 0
8 33 1.0491 0
8 34 1.08676 0
8 35 1.12913 0
8 36 1.06225 0
8 37 0.850111 0
8 38 0.795824 0
8 39 0.827894 0
8 40 0.792687 0
8 41 0.861328 0
8 42 0.839386 0
8 43 0.951278 0
8 44 0.939803 0
8 45 0.915832 0
8 46 0.904162 0
8 47 0.916335 0
8 48 0.867155 0
8 49 0.868416 0
8 50 0.911785 0
8 51 0.949131 0
8 52 0.943837 0
8 53 0.931363 0
8 54 1.06082 0
8 55 0.975146 0
8 56 0.886874 0
8 57 0.990189 0
8 58 0.945977 0
8 59 1 0
8 60 1 0
9 1 0.738571 0
9 2 0.883637 0
9 3 0.897153 0
9 4 1.0567 0
9 5 1.1632 0
9 6 1.05427 0
9 7 1.00056 0
9 8 0.945113 0
9 9 0.921513 0
9 10 0.986222 0
9 11 0.855129 0
9 12 0.804335 0
9 13 0.922203 0
9 14 0.934762 0
9 15 1 0
9 16 1 0
9 17 1.02556 0
9 18 0.913204 0
9 19 0.964642 0
9 20 0.829583 0
9 21 0.930082 0
9 22 0.886633 0
9 23 1.0903 0
9 24 1.02107 0
9 25 0.948004 0
9 26 1.00157 0
9 27 0.891568 0
9 28 0.982751 0
9 29 0.929412 0
9 30 1.01422 0
9 31 0.985198 0
9 32 1.00744 0
9 33 1.18297 0
9 34 1.09813 0
9 35 1.27246 0
9 36 0.84423 0
9 37 0.71308 0
9 38 0.672218 0
9 39 0.849502 0
9 40 0.908937 0
9 41 0.972751 0
9 42 0.907219 0
9 43 0.956551 0
9 44 0.941297 0
9 45 0.958973 0
9 46 0.887625 0
9 47 0.924685 0
9 48 0.876742 0
9 49 0.865268 0
9 50 0.853253 0
9 51 0.932095 0
9 52 0.982953 0
9 53 1.0604 0
9 54 1.13798 0
9 55 1.30977 0
9 56 1.11928 0
9 57 1.09108 0
9 58 1.10626 0
9 59 0.974296 0
9 60 1.08131 0
10 1 0.815141 0
10 2 0.796647 0
10 3 1.0314 0
10 4 1.07473 0
10 5 1.16397 0
10 6 1.05477 0
10 7 1.03533 0
10 8 0.93993 0
10 9 0.891896 0
10 10 1.02654 0
10 11 0.905496 0
10 12 0.93166 0
10 13 0.979888 0
10 14 0.946323 0
10 15 0.925427 0
10 16 1.02257 0
10 17 1.05594 0
10 18 1.04555 0
10 19 0.939784 0
10 20 0.956839 0
10 21 0.963838 0
10 22 1.0286 0
10 23 1.00729 0
10 24 1.01748 0
10 25 0.927776 0
10 26 1.04479 0
10 27 0.998368 0
10 28 0.959316 0
10 29 1.05574 0
10 30 1.02859 0
10 31 1.01386 0
10 32 0.982935 0
10 33 1.2774 0
10 34 1.09879 0
10 35 1.18306 0
10 36 0.881889 0
10 37 0.74763 0
10 38 0.666667 0
10 39 0.86315 0
10 40 0.885226 0
10 41 0.959073 0
10 42 1.01321 0
10 43 0.968097 0
10 44 1.0421 0
10 45 0.91773 0
10 46 0.967655 0
10 47 0.953354 0
10 48 0.923308 0
10 49 0.959843 0
10 50 0.849332 0
10 51 1.00203 0
10 52 0.976504 0
10 53 1.05794 0
10 54 1.19111 0
10 55 1.14926 0
10 56 1.12139 0
10 57 1.00154 0
10 58 1.1286 0
10 59 1.04817 0
10 60 1.03288 0
11 1 1 0
11 2 1 0
11 3 0.896791 0
11 4 0.934482 0
11 5 1.04351 0
11 6 1.09375 0
11 7 0.98142 0
11 8 0.834919 0
11 9 0.778123 0
11 10 0.874211 0
11 11 0.837836 0
11 12 0.734968 0
11 13 0.898319 0
11 14 0.923739 0
11 15 0.92094 0
11 16 1.0767 0
11 17 1.015 0
11 18 1.0282 0
11 19 0.806717 0
11 20 0.911603 0
11 21 0.892679 0
11 22 0.968261 0
11 23 0.980294 0
11 24 1.0708 0
11 25 0.947701 0
11 26 0.871441 0
11 27 0.94406 0
11 28 1.0518 0
11 29 0.924312 0
11 30 1.0159 0
11 31 0.866978 0
11 32 1.01581 0
11 33 1.12003 0
11 34 1.13403 0
11 35 1.05672 0
11 36 1.03659 0
11 37 0.819775 0
11 38 0.692943 0
11 39 0.926874 0
11 40 1.01118 0
11 41 0.885318 0
11 42 0.964298 0
11 43 0.851513 0
11 44 0.870836 0
11 45 0.991109 0
11 46 0.914064 0
11 47 0.849224 0
11 48 0.861112 0
11 49 0.839618 0
11 50 0.972112 0
11 51 0.990379 0
11 52 0.966447 0
11 53 0.97164 0
11 54 1.08183 0
11 55 1.10279 0
11 56 1.05796 0
11 57 1.11958 0
11 58 1.01819 0
11 59 1.13408 0
11 60 1.0603 0
12 1 0.777712 0
12 2 0.784771 0
12 3 0.866584 0
12 4 1.02701 0
12 5 1.15544 0
12 6 1.03001 0
12 7 1.04273 0
12 8 0.917544 0
12 9 0.881574 0
12 10 0.8506 0
12 11 0.833004 0
12 12 0.883923 0
12 13 0.922032 0
12 14 1.01951 0
12 15 1.01583 0
12 16 1.09054 0
12 17 1.06025 0
12 18 1.03225 0
12 19 0.985715 0
12 20 0.977771 0
12 21 0.904403 0
12 22 0.965072 0
12 23 1.03087 0
12 24 1.05394 0
12 25 0.977326 0
12 26 0.989584 0
12 27 0.96896 0
12 28 1.01986 0
12 29 1.03827 0
12 30 0.989409 0
12 31 0.878977 0
12 32 1.09967 0
12 33 1.17782 0
12 34 1.17302 0
12 35 1.10776 0
12 36 0.979619 0
12 37 0.731655 0
12 38 0.766283 0
12 39 0.903913 0
12 40 0.971621 0
12 41 0.960884 0
12 42 0.995587 0
12 43 1.08662 0
12 44 0.986318 0
12 45 1.17726 0
12 46 1.01402 0
12 47 1.00937 0
12 48 1.01473 0
12 49 0.9719 0
12 50 1.16491 0
12 51 0.969324 0
12 52 1.05796 0
12 53 1.08581 0
12 54 1.2681 0
12 55 1.21944 0
12 56 1.12478 0
12 57 1.15711 0
12 58 1.12486 0
12 59 1.13083 0
12 60 1.13902 0
13 1 0.782111 0
13 2 0.764467 0
13 3 0.863434 0
13 4 1.0159 0
13 5 1.29856 0
13 6 1.06892 0
13 7 1.00146 0
13 8 0.842489 0
13 9 0.832081 0
13 10 0.970385 0
13 11 0.892905 0
13 12 1.00568 0
13 13 1.05854 0
13 14 1.00104 0
13 15 1.0173 0
13 16 1.08508 0
13 17 1.03835 0
13 18 0.94431 0
13 19 0.975024 0
13 20 0.931032 0
13 21 0.875589 0
13 22 0.970864 0
13 23 1.02664 0
13 24 1.07993 0
13 25 0.910251 0
13 26 1.00335 0
13 27 0.928521 0
13 28 0.983471 0
13 29 0.883864 0
13 30 1.08274 0
13 31 0.946788 0
13 32 0.978799 0
13 33 1.18167 0
13 34 1.14346 0
13 35 1.11743 0
13 36 0.952016 0
13 37 0.843873 0
13 38 0.831328 0
13 39 0.902263 0
13 40 0.891765 0
13 41 0.900128 0
13 42 1.0355 0
13 43 0.890405 0
13 44 1.12164 0
13 45 0.98085 0
13 46 0.972606 0
13 47 0.983872 0
13 48 1.06052 0
13 49 1.11477 0
13 50 0.981172 0
13 51 0.9655 0
13 52 1.11073 0
13 53 1.06747 0
13 54 1.16099 0
13 55 0.897922 0
13 56 1.04942 0
13 57 1.25588 0
13 58 1.0373 0
13 59 0.969072 0
13 60 1.0771 0
14 1 0.791972 0
14 2 0.897871 0
14 3 0.987511 0
14 4 1.09645 0
14 5 0.971494 0
14 6 1.12189 0
14 7 1.01883 0
14 8 0.875886 0
14 9 0.94226 0
14 10 0.994564 0
14 11 0.883838 0
14 12 0.848074 0
14 13 0.897414 0
14 14 1.00102 0
14 15 0.930045 0
14 16 0.968425 0
14 17 1.11192 0
14 18 0.983921 0
14 19 1.10772 0
14 20 0.992497 0
14 21 0.907748 0
14 22 1.09864 0
14 23 0.971508 0
14 24 0.927001 0
14 25 1.09153 0
14 26 0.966822 0
14 27 1.04665 0
14 28 1.05052 0
14 29 1.0863 0
14 30 1.03804 0
14 31 0.989511 0
14 32 0.979542 0
14 33 1.09383 0
14 34 1.12127 0
14 35 1.09285 0
14 36 0.946572 0
14 37 0.787026 0
14 38 0.796278 0
14 39 0.826523 0
14 40 0.831809 0
14 41 0.852002 0
14 42 0.962257 0
14 43 0.903327 0
14 44 0.893158 0
14 45 0.87517 0
14 46 0.889252 0
14 47 0.787084 0
14 48 0.844994 0
14 49 0.850922 0
14 50 0.724717 0
14 51 0.880668 0
14 52 1.0369 0
14 53 0.875349 0
14 54 1.02852 0
14 55 1.05067 0
14 56 0.973503 0
14 57 0.910032 0
14 58 1.00245 0
14 59 0.959891 0
14 60 0.907188 0
15 1 0.763235 0
15 2 0.916038 0
15 3 0.908423 0
15 4 1.02995 0
15 5 1.0176 0
15 6 1.13497 0
15 7 1.07747 0
15 8 0.952172 0
15 9 0.93753 0
15 10 0.998657 0
15 11 0.878755 0
15 12 0.804724 0
15 13 0.93043 0
15 14 0.878741 0
15 15 0.940797 0
15 16 1.0909 0
15 17 1.08772 0
15 18 0.904093 0
15 19 0.890039 0
15 20 0.970761 0
15 21 0.894678 0
15 22 0.891104 0
15 23 0.972368 0
15 24 1.07279 0
15 25 0.956079 0
15 26 1.00293 0
15 27 0.975106 0
15 28 0.946142 0
15 29 0.962377 0
15 30 0.984377 0
15 31 0.925221 0
15 32 0.905231 0
15 33 0.969051 0
15 34 1.07581 0
15 35 1.09066 0
15 36 1.05943 0
15 37 1.02007 0
15 38 0.838718 0
15 39 0.931954 0
15 40 0.859164 0
15 41 0.862332 0
15 42 0.919686 0
15 43 0.995676 0
15 44 0.983517 0
15 45 0.997839 0
15 46 0.913754 0
15 47 0.904513 0
15 48 0.914905 0
15 49 0.93906 0
15 50 0.944663 0
15 51 0.942539 0
15 52 0.97871 0
15 53 0.979937 0
15 54 1.13562 0
15 55 1.19698 0
15 56 1.03148 0
15 57 1.05592 0
15 58 0.992381 0
15 59 0.984044 0
15 60 0.930686 0
16 1 0.798271 0
16 2 0.886357 0
16 3 1.02467 0
16 4 1.05154 0
16 5 1.09948 0
16 6 1.16365 0
16 7 1.03127 0
16 8 0.896594 0
16 9 0.942494 0
16 10 1.03238 0
16 11 0.848763 0
16 12 0.932662 0
16 13 0.97065 0
16 14 0.996294 0
16 15 1.00788 0
16 16 1.11266 0
16 17 1.1241 0
16 18 1.04451 0
16 19 0.914795 0
16 20 0.904529 0
16 21 0.897994 0
16 22 1.01133 0
16 23 0.883465 0
16 24 1.03184 0
16 25 0.965675 0
16 26 0.913939 0
16 27 0.990901 0
16 28 0.876966 0
16 29 0.970422 0
16 30 0.996701 0
16 31 0.938553 0
16 32 0.870153 0
16 33 1.0558 0
16 34 1.1683 0
16 35 1.06734 0
16 36 0.95315 0
16 37 0.782699 0
16 38 0.823695 0
16 39 0.881025 0
16 40 0.887471 0
16 41 0.93174 0
16 42 0.992536 0
16 43 0.896896 0
16 44 1.00478 0
16 45 0.936598 0
16 46 0.93629 0
16 47 0.963026 0
16 48 0.893848 0
16 49 0.917328 0
16 50 0.922737 0
16 51 0.936399 0
16 52 0.957647 0
16 53 0.985191 0
16 54 1.12247 0
16 55 1.14018 0
16 56 0.986701 0
16 57 0.971622 0
16 58 0.907043 0
16 59 1.03858 0
16 60 1.06986 0
17 1 0.774449 0
17 2 0.844486 0
17 3 0.866131 0
17 4 1.06414 0
17 5 1.06412 0
17 6 1.02039 0
17 7 0.967572 0
17 8 0.967795 0
17 9 0.835599 0
17 10 0.99585 0
17 11 0.94951 0
17 12 1.13829 0
17 13 0.915475 0
17 14 0.935241 0
17 15 0.899146 0
17 16 1.14796 0
17 17 1.08461 0
17 18 0.935202 0
17 19 0.888985 0
17 20 0.88373 0
17 21 1.00893 0
17 22 0.924495 0
17 23 1.16684 0
17 24 1.09163 0
17 25 1.02322 0
17 26 0.958577 0
17 27 1.05547 0
17 28 0.947284 0
17 29 1.02627 0
17 30 1.06745 0
17 31 0.921975 0
17 32 0.980458 0
17 33 1.13218 0
17 34 1.17432 0
17 35 1.09023 0
17 36 1.03886 0
17 37 0.813742 0
17 38 0.689726 0
17 39 0.819846 0
17 40 0.934746 0
17 41 0.839415 0
17 42 0.883357 0
17 43 0.932567 0
17 44 0.892161 0
17 45 0.906659 0
17 46 1.07101 0
17 47 0.822671 0
17 48 0.883888 0
17 49 0.928961 0
17 50 0.923723 0
17 51 0.92621 0
17 52 1.01506 0
17 53 0.882139 0
17 54 1.08024 0
17 55 1.18301 0
17 56 1.16396 0
17 57 1.04213 0
17 58 1.15771 0
17 59 1.05244 0
17 60 1.09036 0
18 1 0.769271 0
18 2 0.770749 0
18 3 0.942922 0
18 4 1.00808 0
18 5 1.16152 0
18 6 1.10315 0
18 7 0.9917 0
18 8 0.954938 0
18 9 0.877169 0
18 10 1.00092 0
18 11 0.848446 0
18 12 0.88586 0
18 13 0.905856 0
18 14 1.00321 0
18 15 0.94397 0
18 16 1.14018 0
18 17 1.08912 0
18 18 0.953547 0
18 19 0.85534 0
18 20 0.911624 0
18 21 0.984868 0
18 22 0.97456 0
18 23 0.942533 0
18 24 1.19599 0
18 25 0.913259 0
18 26 0.985799 0
18 27 0.95429 0
18 28 0.991085 0
18 29 0.983987 0
18 30 0.939398 0
18 31 0.967011 0
18 32 1.00508 0
18 33 1.19201 0
18 34 1.17115 0
18 35 1.15799 0
18 36 1.01678 0
18 37 0.918823 0
18 38 0.841079 0
18 39 0.950848 0
18 40 0.901531 0
18 41 0.905444 0
18 42 1.05345 0
18 43 1.02719 0
18 44 0.993237 0
18 45 1 0
18 46 1 0
18 47 1.12466 0
18 48 0.980848 0
18 49 0.967226 0
18 50 0.96328 0
18 51 1.04242 0
18 52 1.03823 0
18 53 1.19824 0
18 54 1.23048 0
18 55 1.22899 0
18 56 1.29561 0
18 57 1.22112 0
18 58 1.24904 0
18 59 1.12562 0
18 60 1.07253 0
19 1 0.739309 0
19 2 0.87392 0
19 3 0.908535 0
19 4 1.03952 0
19 5 0.983373 0
19 6 0.970599 0
19 7 0.957693 0
19 8 0.933277 0
19 9 0.88249 0
19 10 0.944529 0
19 11 0.853042 0
19 12 0.912329 0
19 13 0.95587 0
19 14 0.909293 0
19 15 0.965183 0
19 16 1.03111 0
19 17 1.02637 0
19 18 1.01289 0
19 19 0.939257 0
19 20 0.888459 0
19 21 1.05126 0
19 22 0.930573 0
19 23 0.980527 0
19 24 1.02121 0
19 25 1.09726 0
19 26 1.05446 0
19 27 0.973102 0
19 28 1.01679 0
19 29 0.882849 0
19 30 0.993111 0
19 31 0.967618 0
19 32 0.821803 0
19 33 1.02824 0
19 34 1.11645 0
19 35 1.10768 0
19 36 1.0053 0
19 37 1.00425 0
19 38 0.836246 0
19 39 0.86507 0
19 40 0.895901 0
19 41 0.920085 0
19 42 1.03367 0
19 43 1.09561 0
19 44 0.955742 0
19 45 1.06974 0
19 46 0.854282 0
19 47 0.907559 0
19 48 0.990078 0
19 49 1.06407 0
19 50 1.16276 0
19 51 1.02179 0
19 52 1.09843 0
19 53 1.12514 0
19 54 1.08682 0
19 55 1.05255 0
19 56 1.23723 0
19 57 1.20191 0
19 58 1.07185 0
19 59 1.13897 0
19 60 1.37925 0
20 1 0.821537 0
20 2 0.85281 0
20 3 0.93971 0
20 4 1.00322 0
20 5 1.17893 0
20 6 1.1026 0
20 7 1.03863 0
20 8 0.928546 0
20 9 1.01764 0
20 10 1.04587 0
20 11 0.878883 0
20 12 0.900581 0
20 13 0.924333 0
20 14 1.02145 0
20 15 1.01221 0
20 16 1.13621 0
20 17 1.07797 0
20 18 1.16981 0
20 19 1.05112 0
20 20 0.975987 0
20 21 1.05416 0
20 22 0.939421 0
20 23 1.00576 0
20 24 1.04288 0
20 25 1.10176 0
20 26 1.08195 0
20 27 0.989241 0
20 28 1.02937 0
20 29 1.02212 0
20 30 0.976116 0
20 31 0.867173 0
20 32 0.957777 0
20 33 1.14274 0
20 34 1.11924 0
20 35 1.24979 0
20 36 1.08516 0
20 37 0.958638 0
20 38 0.69717 0
20 39 0.973062 0
20 40 0.88157 0
20 41 1.01395 0
20 42 1.04554 0
20 43 1.03063 0
20 44 1.03382 0
20 45 1.0431 0
20 46 0.988909 0
20 47 1.06454 0
20 48 0.922521 0
20 49 1.04462 0
20 50 1.03766 0
20 51 1.04279 0
20 52 1.13209 0
20 53 1.2332 0
20 54 1.03443 0
20 55 0.985091 0
20 56 1.20706 0
20 57 1.13187 0
20 58 1.06897 0
20 59 0.824231 0
20 60 1.07114 0
21 1 0.885747 0
21 2 0.874694 0
21 3 0.702356 0
21 4 0.798235 0
21 5 1.01705 0
21 6 1.06044 0
21 7 1.3554 0
21 8 1.08681 0
21 9 1.06373 0
21 10 0.866186 0
21 11 0.793717 0
21 12 0.856913 0
21 13 0.684907 0
21 14 1.0789 0
21 15 1.0876 0
21 16 1.04814 0
21 17 1.38081 0
21 18 1.23477 0
21 19 0.96451 0
21 20 0.991085 0
21 21 1.07693 0
21 22 1.03835 0
21 23 0.941237 0
21 24 1.07553 0
21 25 1.11902 0
21 26 1.13991 0
21 27 1.01002 0
21 28 0.850052 0
21 29 1.05286 0
21 30 0.911766 0
21 31 1.15958 0
21 32 1.18883 0
21 33 1.02786 0
21 34 1.27566 0
21 35 1.08347 0
21 36 1.06946 0
21 37 1.01134 0
21 38 0.781482 0
21 39 0.679954 0
21 40 1.13624 0
21 41 0.906872 0
21 42 1.0163 0
21 43 1.07124 0
21 44 0.87386 0
21 45 1.04006 0
21 46 1.03929 0
21 47 0.896361 0
21 48 1.08321 0
21 49 1.0335 0
21 50 1.00223 0
21 51 0.851047 0
21 52 0.666667 0
21 53 1.05891 0
21 54 1.25873 0
21 55 1.14533 0
21 56 1.19151 0
21 57 1.12353 0
21 58 1.20845 0
21 59 1.16249 0
21 60 0.973082 0
22 1 0.7633 0
22 2 0.841756 0
22 3 0.998726 0
22 4 0.97247 0
22 5 0.903888 0
22 6 1.0286 0
22 7 0.970182 0
22 8 0.818326 0
22 9 0.977599 0
22 10 0.897629 0
22 11 0.814216 0
22 12 0.80033 0
22 13 0.885898 0
22 14 0.930429 0
22 15 1.04154 0
22 16 0.956213 0
22 17 1.03973 0
22 18 1.01547 0
22 19 0.974513 0
22 20 0.870389 0
22 21 0.855177 0
22 22 1.11103 0
22 23 0.910851 0
22 24 1.0504 0
22 25 1.03962 0
22 26 0.939683 0
22 27 0.953706 0
22 28 0.996136 0
22 29 0.962519 0
22 30 0.917424 0
22 31 0.872578 0
22 32 0.909787 0
22 33 1.01988 0
22 34 1.1024 0
22 35 1.19517 0
22 36 1.01653 0
22 37 0.829681 0
22 38 0.741175 0
22 39 0.764525 0
22 40 0.870146 0
22 41 0.854187 0
22 42 0.844539 0
22 43 0.874427 0
22 44 0.948205 0
22 45 0.822538 0
22 46 0.953875 0
22 47 0.802914 0
22 48 0.960024 0
22 49 1 0
22 50 1 0
22 51 0.945155 0
22 52 0.941582 0
22 53 0.945547 0
22 54 1.02843 0
22 55 0.996786 0
22 56 1.00226 0
22 57 0.970114 0
22 58 1.00063 0
22 59 0.934896 0
22 60 1.02763 0
23 1 0.853423 0
23 2 0.950725 0
23 3 0.983133 0
23 4 1.08563 0
23 5 1.14846 0
23 6 1.06329 0
23 7 1.01598 0
23 8 1.02119 0
23 9 0.99654 0
23 10 1.058 0
23 11 1.02039 0
23 12 0.998139 0
23 13 0.972503 0
23 14 0.970864 0
23 15 0.945489 0
23 16 0.962891 0
23 17 1.18554 0
23 18 0.990956 0
23 19 0.953388 0
23 20 0.909074 0
23 21 0.944035 0
23 22 0.917518 0
23 23 1.07023 0
23 24 0.884594 0
23 25 0.960522 0
23 26 1.05615 0
23 27 0.966938 0
23 28 1.05937 0
23 29 1.02403 0
23 30 1.08979 0
23 31 0.913189 0
23 32 0.803738 0
23 33 0.891445 0
23 34 1.0355 0
23 35 1.1275 0
23 36 1.17577 0
23 37 1.07671 0
23 38 0.952639 0
23 39 0.872049 0
23 40 0.794518 0
23 41 1.03919 0
23 42 0.916904 0
23 43 1.00663 0
23 44 1.04458 0
23 45 0.858271 0
23 46 0.985066 0
23 47 0.881018 0
23 48 0.951944 0
23 49 1.02697 0
23 50 0.965857 0
23 51 0.914458 0
23 52 0.910235 0
23 53 0.963617 0
23 54 1.04525 0
23 55 0.980223 0
23 56 1.05691 0
23 57 0.982455 0
23 58 0.928893 0
23 59 0.969214 0
23 60 1.02936 0
24 1 0.849838 0
24 2 0.914078 0
24 3 1.0121 0
24 4 1.04072 0
24 5 1.06028 0
24 6 1.07055 0
24 7 1.06514 0
24 8 1.03905 0
24 9 0.910419 0
24 10 1.031 0
24 11 0.90588 0
24 12 1.01115 0
24 13 0.954117 0
24 14 0.97076 0
24 15 0.956467 0
24 16 1 0
24 17 1.10397 0
24 18 1.04579 0
24 19 0.98664 0
24 20 1.0219 0
24 21 1.06492 0
24 22 1.03043 0
24 23 1.03918 0
24 24 1.10287 0
24 25 0.958496 0
24 26 1.0111 0
24 27 0.974198 0
24 28 1.08176 0
24 29 1.04453 0
24 30 0.980324 0
24 31 0.857676 0
24 32 0.969477 0
24 33 0.954366 0
24 34 1.09814 0
24 35 1.10366 0
24 36 1.02211 0
24 37 0.983756 0
24 38 0.814556 0
24 39 0.965857 0
24 40 0.949644 0
24 41 0.958918 0
24 42 0.994679 0
24 43 0.949169 0
24 44 1.00555 0
24 45 1.15501 0
24 46 0.899842 0
24 47 0.994905 0
24 48 1.00276 0
24 49 1.02717 0
24 50 0.952287 0
24 51 0.93872 0
24 52 0.998782 0
24 53 1.08478 0
24 54 1.12584 0
24 55 1.23133 0
24 56 1 0
24 57 1.10851 0
24 58 1.11883 0
24 59 1.03055 0
24 60 1.00103 0
25 1 0.687499 0
25 2 0.820432 0
25 3 0.851181 0
25 4 0.914928 0
25 5 1.13231 0
25 6 1.04507 0
25 7 1.09378 0
25 8 0.849529 0
25 9 0.895247 0
25 10 0.880201 0
25 11 0.849333 0
25 12 0.888003 0
25 13 0.929558 0
25 14 0.901739 0
25 15 0.929514 0
25 16 1.12195 0
25 17 1.0002 0
25 18 0.944799 0
25 19 0.867196 0
25 20 0.928193 0
25 21 0.853984 0
25 22 0.906011 0
25 23 0.913627 0
25 24 1.08359 0
25 25 0.916962 0
25 26 0.95529 0
25 27 0.935319 0
25 28 1.00521 0
25 29 0.984372 0
25 30 0.939499 0
25 31 0.947191 0
25 32 0.988374 0
25 33 1.08755 0
25 34 1.11108 0
25 35 1.12101 0
25 36 1.02799 0
25 37 0.818284 0
25 38 0.692118 0
25 39 0.867866 0
25 40 0.764963 0
25 41 0.791175 0
25 42 0.983008 0
25 43 0.85144 0
25 44 0.899597 0
25 45 1.04402 0
25 46 0.922597 0
25 47 0.849983 0
25 48 0.998065 0
25 49 0.931418 0
25 50 0.9413 0
25 51 0.977591 0
25 52 0.887953 0
25 53 0.887031 0
25 54 1.18422 0
25 55 1.08837 0
25 56 1.27606 0
25 57 1.06582 0
25 58 1.33464 0
25 59 1.0395 0
25 60 1.14288 0
26 1 0.755444 0
26 2 0.861916 0
26 3 1.12301 0
26 4 1.06429 0
26 5 1.09231 0
26 6 1.13394 0
26 7 1.03419 0
26 8 0.962376 0
26 9 0.951778 0
26 10 1.03037 0
26 11 0.970424 0
26 12 0.954652 0
26 13 0.945979 0
26 14 1.05614 0
26 15 0.975593 0
26 16 1.1246 0
26 17 0.961838 0
26 18 1.02402 0
26 19 1.02666 0
26 20 0.933659 0
26 21 0.918444 0
26 22 0.973526 0
26 23 1.25425 0
26 24 1.03579 0
26 25 0.947379 0
26 26 0.907865 0
26 27 0.963126 0
26 28 0.985881 0
26 29 0.93146 0
26 30 0.949836 0
26 31 0.873327 0
26 32 0.977408 0
26 33 0.998005 0
26 34 1.22594 0
26 35 1.1635 0
26 36 1.06763 0
26 37 0.880802 0
26 38 0.766057 0
26 39 0.860695 0
26 40 0.774003 0
26 41 0.957283 0
26 42 0.900553 0
26 43 0.977997 0
26 44 0.907682 0
26 45 0.922096 0
26 46 1 0
26 47 0.881813 0
26 48 0.88043 0
26 49 0.907853 0
26 50 0.840119 0
26 51 0.929208 0
26 52 0.992389 0
26 53 0.868313 0
26 54 1.14269 0
26 55 1.12014 0
26 56 1.13631 0
26 57 1.08342 0
26 58 0.996007 0
26 59 1.16333 0
26 60 1.03866 0
27 1 0.744163 0
27 2 0.833719 0
27 3 0.830054 0
27 4 1.00305 0
27 5 1.10499 0
27 6 1.03348 0
27 7 1 0
27 8 1 0
27 9 0.958667 0
27 10 0.998647 0
27 11 0.921818 0
27 12 0.854329 0
27 13 1.01657 0
27 14 0.943502 0
27 15 0.982407 0
27 16 0.998372 0
27 17 1.23077 0
27 18 0.962947 0
27 19 1.00465 0
27 20 1.0864 0
27 21 0.967561 0
27 22 1.01666 0
27 23 1.05666 0
27 24 1.01442 0
27 25 1.15606 0
27 26 0.921197 0
27 27 0.998082 0
27 28 0.957606 0
27 29 0.941298 0
27 30 1.00044 0
27 31 0.943004 0
27 32 0.93914 0
27 33 1.13334 0
27 34 1.11785 0
27 35 1.17177 0
27 36 1.11902 0
27 37 1.01271 0
27 38 0.855201 0
27 39 0.787534 0
27 40 0.769356 0
27 41 1.02278 0
27 42 1.01129 0
27 43 1.06236 0
27 44 0.895606 0
27 45 1.0355 0
27 46 0.980823 0
27 47 0.879798 0
27 48 0.899194 0
27 49 1.03172 0
27 50 1.01252 0
27 51 0.976454 0
27 52 1.07328 0
27 53 1.12159 0
27 54 1.11549 0
27 55 1.08871 0
27 56 1.09662 0
27 57 1.18378 0
27 58 1.14263 0
27 59 1.00303 0
27 60 1.03749 0
28 1 0.722652 0
28 2 0.794602 0
28 3 0.911413 0
28 4 1.069 0
28 5 1.06873 0
28 6 1.02894 0
28 7 1.00903 0
28 8 0.950203 0
28 9 0.905116 0
28 10 1 0
28 11 0.87433 0
28 12 0.84573 0
28 13 0.949996 0
28 14 0.964022 0
28 15 0.906706 0
28 16 1.05618 0
28 17 1.10599 0
28 18 0.9648 0
28 19 0.880535 0
28 20 1.01442 0
28 21 0.889173 0
28 22 0.956573 0
28 23 1.03529 0
28 24 1.04217 0
28 25 1.02863 0
28 26 0.932872 0
28 27 0.905465 0
28 28 1.0346 0
28 29 0.948073 0
28 30 0.948788 0
28 31 0.860899 0
28 32 1.06209 0
28 33 0.986784 0
28 34 1.10003 0
28 35 1.09245 0
28 36 1.09578 0
28 37 0.879001 0
28 38 0.77424 0
28 39 0.848315 0
28 40 0.889064 0
28 41 1 0
28 42 1 0
28 43 1.0146 0
28 44 1.04 0
28 45 1.10051 0
28 46 0.987736 0
28 47 0.973158 0
28 48 1.06023 0
28 49 0.861663 0
28 50 0.966288 0
28 51 1.05284 0
28 52 1.18107 0
28 53 1.03134 0
28 54 1.24282 0
28 55 1.06603 0
28 56 1.15164 0
28 57 1.0794 0
28 58 1.06249 0
28 59 0.975401 0
28 60 0.988166 0
29 1 0.681522 0
29 2 0.6841 0
29 3 0.845347 0
29 4 0.840705 0
29 5 1.00088 0
29 6 1.16119 0
29 7 1.15185 0
29 8 1.03311 0
29 9 0.821275 0
29 10 0.903732 0
29 11 0.828334 0
29 12 0.772057 0
29 13 0.915326 0
29 14 0.86255 0
29 15 1.03868 0
29 16 1.04248 0
29 17 1.05862 0
29 18 1.08393 0
29 19 0.944344 0
29 20 1.05924 0
29 21 0.846246 0
29 22 1.07817 0
29 23 1.05853 0
29 24 1.09487 0
29 25 1.11392 0
29 26 0.888523 0
29 27 0.891013 0
29 28 1.01475 0
29 29 0.93209 0
29 30 1 0
29 31 1.13107 0
29 32 0.992098 0
29 33 1.08175 0
29 34 1.04312 0
29 35 1.08318 0
29 36 0.994205 0
29 37 0.780299 0
29 38 0.666667 0
29 39 0.666667 0
29 40 0.952063 0
29 41 0.666667 0
29 42 0.903004 0
29 43 0.887966 0
29 44 0.899194 0
29 45 0.924173 0
29 46 0.858724 0
29 47 0.854491 0
29 48 0.900697 0
29 49 0.858522 0
29 50 0.666667 0
29 51 0.893742 0
29 52 1.13896 0
29 53 0.978103 0
29 54 1.13301 0
29 55 1.03551 0
29 56 1.02003 0
29 57 0.731455 0
29 58 0.904306 0
29 59 1 0
29 60 1 0
30 1 0.855196 0
30 2 0.746191 0
30 3 0.750988 0
30 4 0.975392 0
30 5 1.06111 0
30 6 1.13418 0
30 7 1.04516 0
30 8 0.91376 0
30 9 0.853403 0
30 10 1.09269 0
30 11 0.919016 0
30 12 0.754044 0
30 13 0.952264 0
30 14 0.989286 0
30 15 0.987037 0
30 16 1.07988 0
30 17 1.13557 0
30 18 1.19545 0
30 19 0.919628 0
30 20 0.957971 0
30 21 0.911339 0
30 22 0.967918 0
30 23 1 0
30 24 1.15972 0
30 25 1.08773 0
30 26 1.1344 0
30 27 0.870583 0
30 28 0.901216 0
30 29 1.15375 0
30 30 0.941641 0
30 31 1.07038 0
30 32 0.954403 0
30 33 1.14442 0
30 34 1.01509 0
30 35 1.14526 0
30 36 0.976971 0
30 37 0.847975 0
30 38 0.851956 0
30 39 1.00839 0
30 40 0.974188 0
30 41 0.85371 0
30 42 0.866273 0
30 43 0.986964 0
30 44 0.980967 0
30 45 1.07041 0
30 46 1.07158 0
30 47 1.05832 0
30 48 1.00448 0
30 49 0.887536 0
30 50 0.878089 0
30 51 1.10846 0
30 52 1.07003 0
30 53 1.10207 0
30 54 1.14794 0
30 55 0.989231 0
30 56 1.22273 0
30 57 0.975384 0
30 58 1.05043 0
30 59 1.07375 0
30 60 1 0
31 1 0.721907 0
31 2 0.913749 0
31 3 0.995559 0
31 4 0.95467 0
31 5 0.895154 0
31 6 1.03174 0
31 7 0.915286 0
31 8 0.865701 0
31 9 0.816196 0
31 10 0.760606 0
31 11 0.789345 0
31 12 0.791398 0
31 13 0.945876 0
31 14 0.834062 0
31 15 0.918438 0
31 16 0.916744 0
31 17 0.967975 0
31 18 0.898077 0
31 19 0.907734 0
31 20 0.827043 0
31 21 0.920668 0
31 22 0.880378 0
31 23 0.826485 0
31 24 0.912519 0
31 25 1.00527 0
31 26 1.01888 0
31 27 0.932415 0
31 28 0.94813 0
31 29 0.860877 0
31 30 0.867962 0
31 31 0.918911 0
31 32 0.834764 0
31 33 0.93329 0
31 34 1.02046 0
31 35 1.17348 0
31 36 1.21401 0
31 37 0.923519 0
31 38 0.848184 0
31 39 0.738967 0
31 40 0.800979 0
31 41 0.895225 0
31 42 0.905268 0
31 43 0.81906 0
31 44 0.802993 0
31 45 0.80439 0
31 46 0.919871 0
31 47 0.912305 0
31 48 0.931601 0
31 49 0.843479 0
31 50 0.812355 0
31 51 0.941883 0
31 52 0.952837 0
31 53 0.836183 0
31 54 1.07537 0
31 55 0.875908 0
31 56 0.877549 0
31 57 1.06627 0
31 58 0.918955 0
31 59 0.970572 0
31 60 0.983132 0
32 1 0.886124 0
32 2 0.859783 0
32 3 1.04422 0
32 4 1.10945 0
32 5 1.0915 0
32 6 1.01831 0
32 7 1.04296 0
32 8 0.986766 0
32 9 1.02728 0
32 10 1.01367 0
32 11 0.91548 0
32 12 0.85467 0
32 13 0.882092 0
32 14 0.953468 0
32 15 0.889076 0
32 16 0.932433 0
32 17 1.03674 0
32 18 1.00537 0
32 19 0.98557 0
32 20 0.946048 0
32 21 0.97528 0
32 22 0.920673 0
32 23 0.942129 0
32 24 0.951199 0
32 25 1.00675 0
32 26 0.978324 0
32 27 0.900588 0
32 28 1.02782 0
32 29 0.904967 0
32 30 0.982444 0
32 31 0.788817 0
32 32 0.836855 0
32 33 0.936157 0
32 34 1.04804 0
32 35 1.26455 0
32 36 1.14074 0
32 37 1.07178 0
32 38 0.921763 0
32 39 0.873106 0
32 40 0.809708 0
32 41 0.886948 0
32 42 0.862267 0
32 43 0.910215 0
32 44 0.892406 0
32 45 0.949603 0
32 46 0.968683 0
32 47 0.851973 0
32 48 0.910368 0
32 49 0.924204 0
32 50 0.900117 0
32 51 0.881654 0
32 52 0.883624 0
32 53 1.02082 0
32 54 1.04217 0
32 55 0.958284 0
32 56 1.04158 0
32 57 1 0
32 58 1 0
32 59 0.989843 0
32 60 1.04276 0
33 1 0.841406 0
33 2 0.818042 0
33 3 1.04451 0
33 4 1.07393 0
33 5 1 0
33 6 1 0
33 7 1.00948 0
33 8 0.937724 0
33 9 1.08278 0
33 10 1.08645 0
33 11 0.975568 0
33 12 0.962822 0
33 13 1.02271 0
33 14 1.06081 0
33 15 0.955576 0
33 16 1.0001 0
33 17 1.15898 0
33 18 0.990363 0
33 19 1.05216 0
33 20 0.982448 0
33 21 1.04179 0
33 22 0.952764 0
33 23 1.08214 0
33 24 0.995906 0
33 25 0.980123 0
33 26 1 0
33 27 0.923936 0
33 28 1.13378 0
33 29 0.954576 0
33 30 1.02769 0
33 31 0.827193 0
33 32 0.863445 0
33 33 0.977789 0
33 34 1.0769 0
33 35 1.10983 0
33 36 1.12139 0
33 37 0.884943 0
33 38 0.907626 0
33 39 0.88809 0
33 40 0.84307 0
33 41 0.875631 0
33 42 0.911467 0
33 43 1.04827 0
33 44 1.02651 0
33 45 1.00104 0
33 46 0.989066 0
33 47 0.902101 0
33 48 1.03447 0
33 49 0.922605 0
33 50 0.982897 0
33 51 0.935036 0
33 52 0.91083 0
33 53 0.981685 0
33 54 1.05866 0
33 55 1.17667 0
33 56 1.1229 0
33 57 1.11906 0
33 58 1.01673 0
33 59 0.934858 0
33 60 0.966657 0
34 1 0.797438 0
34 2 0.753369 0
34 3 0.756015 0
34 4 0.82067 0
34 5 1.05467 0
34 6 0.970962 0
34 7 0.994975 0
34 8 1.0473 0
34 9 0.957981 0
34 10 0.808801 0
34 11 1 0
34 12 1 0
34 13 1 0
34 14 1 0
34 15 1 0
34 16 1 0
34 17 1 0
34 18 0.989655 0
34 19 0.985884 0
34 20 0.666667 0
34 21 0.963592 0
34 22 1 0
34 23 0.894398 0
34 24 0.973028 0
34 25 0.934177 0
34 26 0.939124 0
34 27 0.882805 0
34 28 0.91568 0
34 29 1.0288 0
34 30 0.981487 0
34 31 0.85775 0
34 32 0.951798 0
34 33 0.979259 0
34 34 0.977523 0
34 35 0.982114 0
34 36 1.10961 0
34 37 1.07954 0
34 38 0.909402 0
34 39 0.78889 0
34 40 0.882831 0
34 41 0.848803 0
34 42 0.799603 0
34 43 0.902344 0
34 44 0.995766 0
34 45 0.945239 0
34 46 0.876798 0
34 47 0.872422 0
34 48 0.905895 0
34 49 0.941223 0
34 50 0.929338 0
34 51 0.75473 0
34 52 0.947066 0
34 53 0.948115 0
34 54 1.05731 0
34 55 0.967078 0
34 56 1.12902 0
34 57 0.978957 0
34 58 1.00484 0
34 59 1.04718 0
34 60 0.944293 0
35 1 0.728829 0
35 2 0.787619 0
35 3 0.876389 0
35 4 0.977516 0
35 5 1.08173 0
35 6 0.961873 0
35 7 0.968817 0
35 8 0.995164 0
35 9 0.809842 0
35 10 0.873128 0
35 11 0.926355 0
35 12 0.703169 0
35 13 0.867476 0
35 14 0.955644 0
35 15 0.957251 0
35 16 0.914181 0
35 17 1.0235 0
35 18 1.02485 0
35 19 0.861548 0
35 20 0.960981 0
35 21 0.860386 0
35 22 0.852361 0
35 23 1.01493 0
35 24 0.942106 0
35 25 0.977885 0
35 26 1.02346 0
35 27 0.963391 0
35 28 1.01411 0
35 29 1.00109 0
35 30 0.957277 0
35 31 0.94077 0
35 32 0.962925 0
35 33 0.957156 0
35 34 1.03592 0
35 35 1.13108 0
35 36 1.35006 0
35 37 0.972207 0
35 38 0.702421 0
35 39 0.806359 0
35 40 0.891492 0
35 41 0.843854 0
35 42 1.02175 0
35 43 0.842594 0
35 44 0.917329 0
35 45 0.969391 0
35 46 0.820518 0
35 47 0.931028 0
35 48 0.964843 0
35 49 0.898771 0
35 50 1.01566 0
35 51 0.902731 0
35 52 0.922603 0
35 53 0.902417 0
35 54 0.91185 0
35 55 1.04048 0
35 56 1.01777 0
35 57 1.00258 0
35 58 1.0176 0
35 59 1.10772 0
35 60 1.07248 0
36 1 0.780432 0
36 2 0.834781 0
36 3 1 0
36 4 0.995138 0
36 5 1.10055 0
36 6 0.940342 0
36 7 1.02649 0
36 8 1.10641 0
36 9 1.11023 0
36 10 0.979822 0
36 11 1.04461 0
36 12 0.859999 0
36 13 0.936853 0
36 14 1 0
36 15 1.23132 0
36 16 1.02379 0
36 17 1.15614 0
36 18 1.13985 0
36 19 1.14137 0
36 20 1 0
36 21 0.905357 0
36 22 0.898411 0
36 23 1.04561 0
36 24 1.00506 0
36 25 0.972935 0
36 26 1.044 0
36 27 0.925264 0
36 28 1 0
36 29 1 0
36 30 0.994868 0
36 31 0.874293 0
36 32 1.00666 0
36 33 0.949253 0
36 34 1.07995 0
36 35 1.18805 0
36 36 1.29883 0
36 37 0.980598 0
36 38 0.826285 0
36 39 0.973109 0
36 40 0.864363 0
36 41 0.714732 0
36 42 0.996306 0
36 43 0.930424 0
36 44 1.02068 1
36 45 0.973293 0
36 46 0.923849 1
36 47 1.07253 0
36 48 0.913592 1
36 49 0.993353 1
36 50 0.927472 1
36 51 0.912844 1
36 52 0.937343 1
36 53 0.906661 1
36 54 1.03297 1
36 55 0.909959 1
36 56 0.969504 1
36 57 0.906886 1
36 58 0.966863 1
36 59 0.98493 1
36 60 0.916153 0
37 1 0.791237 0
37 2 0.78355 0
37 3 0.851966 0
37 4 0.983321 0
37 5 0.995134 0
37 6 1.18614 0
37 7 1.03197 0
37 8 0.991169 0
37 9 0.855337 0
37 10 0.960958 0
37 11 0.896457 0
37 12 0.806415 0
37 13 0.89869 0
37 14 0.969792 0
37 15 0.925252 0
37 16 1.19279 0
37 17 1.07083 0
37 18 1.07479 0
37 19 0.861172 0
37 20 1.09834 0
37 21 0.859694 0
37 22 0.95897 0
37 23 0.872364 0
37 24 1.01306 0
37 25 0.916993 0
37 26 1.0001 0
37 27 1.06018 0
37 28 0.908518 0
37 29 1.01461 0
37 30 0.954349 0
37 31 0.868464 0
37 32 0.926306 0
37 33 0.935712 0
37 34 1.07105 0
37 35 1.0561 0
37 36 1.2468 0
37 37 1.04767 0
37 38 0.989557 0
37 39 1.01712 0
37 40 0.840359 0
37 41 0.879817 0
37 42 1.0095 0
37 43 1.04982 0
37 44 0.972139 0
37 45 0.929385 0
37 46 0.772834 0
37 47 0.939984 0
37 48 0.884549 0
37 49 0.891129 0
37 50 0.969134 0
37 51 0.934822 0
37 52 1.04448 0
37 53 1.23169 0
37 54 1.10512 0
37 55 1.19357 0
37 56 1.09042 0
37 57 0.932412 0
37 58 1.3398 0
37 59 1.00809 0
37 60 0.977489 0
38 1 0.83562 0
38 2 0.868745 0
38 3 0.88686 0
38 4 0.995396 0
38 5 1.3193 0
38 6 0.955912 0
38 7 0.950821 0
38 8 0.996713 0
38 9 0.989626 0
38 10 1.05709 0
38 11 0.945165 0
38 12 0.91356 0
38 13 0.936926 0
38 14 1.0636 0
38 15 1.0321 0
38 16 1.0706 0
38 17 1.00586 0
38 18 1.06926 0
38 19 0.977787 0
38 20 1.03986 0
38 21 1.01883 0
38 22 0.983799 0
38 23 0.808747 0
38 24 0.993581 0
38 25 1.04226 0
38 26 0.957238 0
38 27 1.00758 0
38 28 0.968542 0
38 29 0.86842 0
38 30 1.0087 0
38 31 0.961322 0
38 32 0.957633 0
38 33 0.933468 0
38 34 1.08092 0
38 35 1.05297 0
38 36 0.899937 0
38 37 0.776955 0
38 38 0.846978 0
38 39 0.817628 0
38 40 0.963226 0
38 41 0.898736 0
38 42 1.06398 0
38 43 0.881349 0
38 44 1.07393 0
38 45 0.813931 0
38 46 0.851806 0
38 47 1.06551 0
38 48 0.684529 0
38 49 0.850364 0
38 50 0.848587 0
38 51 0.924023 0
38 52 0.940858 0
38 53 0.950742 0
38 54 0.951867 0
38 55 0.88917 0
38 56 0.970038 0
38 57 1.04425 0
38 58 0.804057 0
38 59 1 0
38 60 0.745434 0
39 1 0.757679 0
39 2 0.673701 0
39 3 0.744958 0
39 4 0.940702 0
39 5 1.11036 0
39 6 1.01988 0
39 7 1.11258 0
39 8 1 0
39 9 0.875763 0
39 10 0.841088 0
39 11 0.872551 0
39 12 0.83222 0
39 13 0.857932 0
39 14 1.11937 0
39 15 1.10855 0
39 16 1.08446 0
39 17 1.10888 0
39 18 1.17222 0
39 19 0.90069 0
39 20 1.07424 0
39 21 0.93196 0
39 22 1 0
39 23 1.02253 0
39 24 1.08879 0
39 25 1.01487 0
39 26 0.984528 0
39 27 0.952917 0
39 28 1.10193 0
39 29 0.954866 0
39 30 1.05153 0
39 31 0.953096 0
39 32 1.09182 0
39 33 1.13757 0
39 34 1.06601 0
39 35 1.07182 0
39 36 1.04534 0
39 37 0.7337 0
39 38 0.730373 0
39 39 0.88143 0
39 40 0.868128 0
39 41 0.806406 0
39 42 1.05275 0
39 43 0.99434 0
39 44 0.978672 0
39 45 1.01912 0
39 46 0.936769 0
39 47 0.917151 0
39 48 0.930341 0
39 49 1.12907 0
39 50 1.04237 0
39 51 1.12507 0
39 52 1.00674 0
39 53 1.21575 0
39 54 0.988316 0
39 55 0.93973 0
39 56 1.08418 0
39 57 1.17309 0
39 58 1.09855 0
39 59 1.0071 0
39 60 0.854119 0
40 1 0.825999 0
40 2 0.720508 0
40 3 0.80857 0
40 4 0.96298 0
40 5 0.930718 0
40 6 1.18542 0
40 7 0.990278 0
40 8 0.975047 0
40 9 0.987784 0
40 10 0.976952 0
40 11 0.919948 0
40 12 0.927209 0
40 13 0.881895 0
40 14 0.89326 0
40 15 1.04855 0
40 16 1.11594 0
40 17 1.06429 0
40 18 1.18851 0
40 19 0.894904 0
40 20 1.0202 0
40 21 0.979721 0
40 22 1.0046 0
40 23 1.02943 0
40 24 1.02063 0
40 25 1.03956 0
40 26 1.11597 0
40 27 1.0089 0
40 28 1.01193 0
40 29 1.10648 0
40 30 1.01076 0
40 31 1.09055 0
40 32 1.18578 0
40 33 1 0
40 34 1 0
40 35 1.15987 0
40 36 1.02453 0
40 37 0.750098 0
40 38 0.721753 0
40 39 0.856324 0
40 40 0.814277 0
40 41 0.849659 0
40 42 0.8554 0
40 43 0.99411 0
40 44 0.900585 0
40 45 0.959515 0
40 46 0.84569 0
40 47 0.983374 0
40 48 0.908491 0
40 49 1.01146 0
40 50 1.01479 0
40 51 1 0
40 52 1 0
40 53 1.00526 0
40 54 1.11716 0
40 55 0.825499 0
40 56 0.85064 0
40 57 1.03299 0
40 58 0.926738 0
40 59 0.921021 0
40 60 0.948343 0
41 1 0.984607 0
41 2 0.921252 0
41 3 1.05652 0
41 4 0.968436 0
41 5 1.06592 0
41 6 1.0833 0
41 7 1.00465 0
41 8 1.09593 0
41 9 1.0817 0
41 10 1.15742 0
41 11 1.01957 0
41 12 0.929194 0
41 13 1.1187 0
41 14 0.978822 0
41 15 0.975098 0
41 16 0.995836 0
41 17 1.04482 0
41 18 1.13471 0
41 19 1.14592 0
41 20 1.08209 0
41 21 0.90108 0
41 22 0.985532 0
41 23 1.03375 0
41 24 1.00327 0
41 25 1.08827 0
41 26 1.12991 0
41 27 0.993077 0
41 28 1.01094 0
41 29 0.949466 0
41 30 0.909935 0
41 31 0.832906 0
41 32 0.809383 0
41 33 0.846832 0
41 34 0.994135 0
41 35 1.10394 0
41 36 1.26396 0
41 37 1.49681 0
41 38 1.31896 0
41 39 0.974551 0
41 40 0.879712 0
41 41 1.09327 0
41 42 1.06073 0
41 43 1.11472 0
41 44 1.01883 0
41 45 1.05437 0
41 46 1.01231 0
41 47 0.959106 0
41 48 1.00034 0
41 49 0.922155 0
41 50 0.960984 0
41 51 0.959376 0
41 52 0.924123 0
41 53 0.957109 0
41 54 0.941288 0
41 55 1.00304 0
41 56 0.974106 0
41 57 1.0536 0
41 58 0.973956 0
41 59 1.02677 0
41 60 0.988966 0
42 1 0.885631 0
42 2 0.956845 0
42 3 0.971741 0
42 4 1.13434 0
42 5 1.0053 0
42 6 0.974875 0
42 7 1.10425 0
42 8 0.964042 0
42 9 1.04025 0
42 10 1.05739 0
42 11 1.01527 0
42 12 0.953186 0
42 13 0.973587 0
42 14 0.958312 0
42 15 0.944559 0
42 16 1.14242 0
42 17 1.1188 0
42 18 1.05801 0
42 19 1.03056 0
42 20 1.02642 0
42 21 0.997582 0
42 22 1.0852 0
42 23 0.932104 0
42 24 0.930413 0
42 25 1.04465 0
42 26 0.985357 0
42 27 0.933826 0
42 28 0.958919 0
42 29 0.993757 0
42 30 0.944774 0
42 31 0.894339 0
42 32 0.881656 0
42 33 0.858194 0
42 34 1.00734 0
42 35 1.19588 0
42 36 1.16183 0
42 37 1.07732 0
42 38 0.943718 0
42 39 0.986122 0
42 40 0.880324 0
42 41 0.920439 0
42 42 1.01671 0
42 43 0.970879 0
42 44 1.00956 0
42 45 1.05398 0
42 46 0.949276 0
42 47 1 0
42 48 1 0
42 49 0.930588 0
42 50 1.03189 0
42 51 0.934722 0
42 52 0.990992 0
42 53 1.02962 0
42 54 1.06201 0
42 55 1.13962 0
42 56 0.988982 0
42 57 0.963224 0
42 58 0.979756 0
42 59 1.11025 0
42 60 1.01291 0
43 1 0.834525 0
43 2 0.960899 0
43 3 0.994463 0
43 4 1.10792 0
43 5 1.097 0
43 6 0.986818 0
43 7 1.14734 0
43 8 1.02687 0
43 9 0.914458 0
43 10 1.01493 0
43 11 0.99083 0
43 12 0.889045 0
43 13 0.98698 0
43 14 0.850166 0
43 15 1.03055 0
43 16 1.07549 0
43 17 1.03515 0
43 18 1.11923 0
43 19 1.0007 0
43 20 1.0251 0
43 21 0.919883 0
43 22 0.864806 0
43 23 0.893326 0
43 24 0.906497 0
43 25 1.03283 0
43 26 1.05003 0
43 27 0.965049 0
43 28 1.0383 0
43 29 0.951753 0
43 30 0.989034 0
43 31 0.849061 0
43 32 1.03386 0
43 33 0.90696 0
43 34 1.05804 0
43 35 1.09102 0
43 36 1.19161 0
43 37 1.10083 0
43 38 0.851836 0
43 39 0.885063 0
43 40 0.829741 0
43 41 0.939877 0
43 42 0.94591 0
43 43 0.67547 0
43 44 0.985457 0
43 45 0.956773 0
43 46 1.0935 0
43 47 0.926209 0
43 48 0.93439 0
43 49 0.878528 0
43 50 1.00973 0
43 51 0.937976 0
43 52 1.02275 0
43 53 1.00907 0
43 54 1.02578 0
43 55 1.0633 1
43 56 1.04083 0
43 57 1.02276 0
43 58 0.979798 0
43 59 1.05995 0
43 60 1.086 0
44 1 0.866809 0
44 2 0.970964 0
44 3 0.973274 0
44 4 0.998014 0
44 5 0.967495 0
44 6 1.0215 0
44 7 0.961242 0
44 8 0.924027 0
44 9 0.849054 0
44 10 0.957713 0
44 11 0.936155 0
44 12 0.934345 0
44 13 0.879569 0
44 14 0.930529 0
44 15 0.950576 0
44 16 1.13428 0
44 17 0.996857 0
44 18 1.16884 0
44 19 0.986325 0
44 20 1.07921 0
44 21 1.02512 0
44 22 0.957637 0
44 23 0.995877 0
44 24 1.04052 0
44 25 1 0
44 26 1 0
44 27 1.06921 0
44 28 1.05074 0
44 29 0.978373 0
44 30 0.960936 0
44 31 0.853532 0
44 32 0.928509 0
44 33 0.857036 0
44 34 1.05591 0
44 35 1.08006 0
44 36 1.22643 0
44 37 1.19672 0
44 38 0.927256 0
44 39 0.909793 0
44 40 0.850425 0
44 41 0.927558 0
44 42 1.02657 0
44 43 1.01171 0
44 44 1.11337 0
44 45 1.02482 0
44 46 1.12655 0
44 47 1 0
44 48 1 0
44 49 1.05728 0
44 50 1.09473 0
44 51 1.10124 0
44 52 1.01538 0
44 53 0.962621 0
44 54 1.14271 0
44 55 1.06082 0
44 56 1.10249 0
44 57 1.08673 0
44 58 1.03365 0
44 59 1.1051 0
44 60 0.94409 0
45 1 0.75745 0
45 2 0.997391 0
45 3 0.862061 0
45 4 0.997707 0
45 5 1.07484 0
45 6 0.989121 0
45 7 1.00304 0
45 8 1.0296 0
45 9 0.967206 0
45 10 1.16615 0
45 11 0.928692 0
45 12 1.00428 0
45 13 0.988478 0
45 14 1.06942 0
45 15 1.19953 0
45 16 1.23804 0
45 17 1.05183 0
45 18 1.0281 0
45 19 1 0
45 20 1 0
45 21 1.09146 0
45 22 1.27384 0
45 23 0.964496 0
45 24 1 0
45 25 0.988636 0
45 26 1.00586 0
45 27 0.865124 0
45 28 0.980177 0
45 29 1.06021 0
45 30 1.00839 0
45 31 0.861977 0
45 32 0.933461 0
45 33 0.876579 0
45 34 1.05233 0
45 35 1.2205 0
45 36 1.19468 0
45 37 1.27342 0
45 38 1.02346 0
45 39 0.998778 0
45 40 0.96503 0
45 41 0.964143 0
45 42 1.11567 0
45 43 1.11819 0
45 44 1.12127 0
45 45 0.918554 0
45 46 0.985906 0
45 47 0.775805 0
45 48 0.909613 0
45 49 1.00543 0
45 50 0.895882 0
45 51 0.853692 0
45 52 1.00131 0
45 53 1.04419 0
45 54 1.17214 0
45 55 1.07781 0
45 56 1.07511 0
45 57 1.05288 0
45 58 1.04857 0
45 59 0.925228 0
45 60 0.972651 0
46 1 0.831779 0
46 2 0.931476 0
46 3 0.839873 0
46 4 0.940589 0
46 5 1.08168 0
46 6 1.00375 0
46 7 0.991661 0
46 8 0.953462 0
46 9 0.890786 0
46 10 0.914648 0
46 11 1.02948 0
46 12 1.04277 0
46 13 0.869785 0
46 14 0.951428 0
46 15 1.02904 0
46 16 1.23936 0
46 17 1.23238 0
46 18 1.08593 0
46 19 0.950687 0
46 20 1.14636 0
46 21 1.17153 0
46 22 1.0448 0
46 23 1.12097 0
46 24 1.07797 0
46 25 1.0246 0
46 26 1.05932 0
46 27 0.953953 0
46 28 1.15905 0
46 29 1.15509 0
46 30 0.983686 0
46 31 1.04281 0
46 32 1.03334 0
46 33 1.00339 0
46 34 1.13756 0
46 35 1.13163 0
46 36 1.47949 0
46 37 1.2799 0
46 38 0.927774 0
46 39 0.975829 0
46 40 0.948046 0
46 41 0.989401 0
46 42 0.967584 0
46 43 1.0382 0
46 44 1.2238 0
46 45 1.19553 0
46 46 1.04452 0
46 47 1.11931 0
46 48 1.09546 0
46 49 1.0144 0
46 50 0.914576 0
46 51 1.15458 0
46 52 1.20513 0
46 53 1 0
46 54 1.26592 0
46 55 1.10008 0
46 56 1.18234 0
46 57 0.93735 0
46 58 1.05157 0
46 59 0.853681 0
46 60 0.902909 0
47 1 0.798951 0
47 2 0.805567 0
47 3 0.876325 0
47 4 0.825772 0
47 5 1.0195 0
47 6 0.968904 0
47 7 0.944283 0
47 8 1.03662 0
47 9 0.903291 0
47 10 1.07217 0
47 11 0.912151 0
47 12 0.884599 0
47 13 1.07981 0
47 14 1.10771 0
47 15 0.931636 0
47 16 1.0062 0
47 17 0.944 0
47 18 1.09625 0
47 19 1.14912 0
47 20 0.959205 0
47 21 0.940664 0
47 22 0.928271 0
47 23 0.92169 0
47 24 0.979723 0
47 25 1.03334 0
47 26 0.969049 0
47 27 0.889459 0
47 28 0.916121 0
47 29 0.902002 0
47 30 0.952939 0
47 31 0.883973 0
47 32 0.908487 0
47 33 0.896397 0
47 34 0.993133 0
47 35 1.05813 0
47 36 1.21331 0
47 37 1.19297 0
47 38 0.737285 0
47 39 1.18255 0
47 40 0.897629 0
47 41 0.84748 0
47 42 0.893918 0
47 43 1.03999 0
47 44 1.08577 0
47 45 1.04502 0
47 46 0.997163 0
47 47 0.874876 0
47 48 1.11443 0
47 49 0.932588 0
47 50 1.05515 0
47 51 0.971043 0
47 52 1.1493 0
47 53 1.00756 0
47 54 1.22986 0
47 55 1 0
47 56 1 0
47 57 1.00837 0
47 58 1.01967 0
47 59 1.04771 0
47 60 1.10621 0
48 1 0.782588 0
48 2 0.73662 0
48 3 0.777318 0
48 4 0.969873 0
48 5 0.987495 0
48 6 1.01672 0
48 7 1.03538 0
48 8 0.930441 0
48 9 0.827814 0
48 10 1.0067 0
48 11 0.878392 0
48 12 0.840951 0
48 13 0.961015 0
48 14 0.980324 0
48 15 1.05695 0
48 16 1.007 0
48 17 1.05869 0
48 18 1.10345 0
48 19 0.946346 0
48 20 1.05499 0
48 21 0.971142 0
48 22 0.899225 0
48 23 0.9951 0
48 24 1.00461 0
48 25 1.0235 0
48 26 0.974282 0
48 27 0.973837 0
48 28 0.991889 0
48 29 1.00973 0
48 30 1.00557 0
48 31 0.844086 0
48 32 0.924648 0
48 33 0.991306 0
48 34 1.05837 0
48 35 1.10985 0
48 36 1.09011 0
48 37 1.02744 0
48 38 0.965784 0
48 39 0.937389 0
48 40 0.940994 0
48 41 0.892204 0
48 42 1.00173 0
48 43 1.03559 0
48 44 0.942283 0
48 45 1.0093 0
48 46 0.986399 0
48 47 1.02682 0
48 48 1.04942 0
48 49 0.994557 0
48 50 0.991161 0
48 51 1.13294 0
48 52 1.10658 0
48 53 1.05838 0
48 54 1.18575 0
48 55 0.83484 0
48 56 1.08537 0
48 57 1.04114 0
48 58 1.01926 0
48 59 0.908313 0
48 60 0.99665 0
49 1 0.962643 0
49 2 0.684922 0
49 3 0.909525 0
49 4 0.814079 0
49 5 1.15966 0
49 6 1.01994 0
49 7 1.05906 0
49 8 1.03813 0
49 9 0.942236 0
49 10 0.870607 0
49 11 0.942369 0
49 12 0.88603 0
49 13 0.818777 0
49 14 1.11095 0
49 15 1.10507 0
49 16 1.06074 0
49 17 0.889417 0
49 18 1.11749 0
49 19 1.08662 0
49 20 1.1232 0
49 21 1.04607 0
49 22 1.00207 0
49 23 1.11371 0
49 24 1.15624 0
49 25 1.18593 0
49 26 1.06069 0
49 27 0.905837 0
49 28 1.05419 0
49 29 1.12685 0
49 30 1.04593 0
49 31 0.988015 0
49 32 1.0983 0
49 33 1.04055 0
49 34 1.16274 0
49 35 1.02091 0
49 36 1.08958 0
49 37 0.78673 0
49 38 0.755537 0
49 39 0.95334 0
49 40 0.946244 0
49 41 0.897964 0
49 42 0.899544 0
49 43 1.07702 0
49 44 0.889232 0
49 45 0.93053 0
49 46 1.06853 0
49 47 1.00953 0
49 48 1.01629 0
49 49 0.954025 0
49 50 1.06967 0
49 51 1.16631 0
49 52 1.06967 0
49 53 0.962609 0
49 54 1.04786 0
49 55 1 0
49 56 1 0
49 57 1.02035 0
49 58 1.13856 0
49 59 0.818799 0
49 60 0.95576 0
50 1 0.764652 0
50 2 0.86228 0
50 3 0.731667 0
50 4 0.89571 0
50 5 1.06979 0
50 6 1.05924 0
50 7 0.921908 0
50 8 0.841032 0
50 9 0.81426 0
50 10 0.971167 0
50 11 0.979591 0
50 12 0.85544 0
50 13 1.04436 0
50 14 1.10806 0
50 15 0.91885 0
50 16 0.925579 0
50 17 1.03202 0
50 18 1.16117 0
50 19 0.994642 0
50 20 1.06369 0
50 21 0.895912 0
50 22 1.0283 0
50 23 0.93799 0
50 24 1.00362 0
50 25 1.00356 0
50 26 0.977752 0
50 27 0.990107 0
50 28 0.966192 0
50 29 0.978735 0
50 30 0.994698 0
50 31 0.912768 0
50 32 1.03083 0
50 33 0.938525 0
50 34 1.01312 0
50 35 1.04061 0
50 36 1 0
50 37 0.915133 0
50 38 0.862803 0
50 39 0.806182 0
50 40 0.895604 0
50 41 0.859075 0
50 42 0.908304 0
50 43 0.97828 0
50 44 0.98308 0
50 45 1.04671 0
50 46 1.04952 0
50 47 1.0013 0
50 48 0.961644 0
50 49 0.824433 0
50 50 1.09383 0
50 51 1.07919 0
50 52 1.07962 0
50 53 0.839233 0
50 54 1.09855 0
50 55 1.04763 0
50 56 0.959824 0
50 57 0.938957 0
50 58 1 0
50 59 0.854219 0
50 60 1.03728 0
51 1 1.06755 0
51 2 1.05938 0
51 3 1.03378 0
51 4 1.06254 0
51 5 0.957595 0
51 6 0.982585 0
51 7 1.0519 0
51 8 1.0005 0
51 9 0.961006 0
51 10 1.04092 0
51 11 1.05152 0
51 12 1.0362 0
51 13 0.971434 0
51 14 0.974792 0
51 15 0.897261 0
51 16 1.05148 0
51 17 1.01254 0
51 18 1.09159 0
51 19 0.987533 0
51 20 1.09208 0
51 21 0.932842 0
51 22 0.896415 0
51 23 0.977404 0
51 24 1.06751 0
51 25 0.998095 0
51 26 1.07296 0
51 27 0.977686 0
51 28 1.08738 0
51 29 1.02353 0
51 30 0.927444 0
51 31 0.921754 0
51 32 0.894164 0
51 33 0.804358 0
51 34 0.984916 0
51 35 1.03952 0
51 36 1.15253 0
51 37 1.24644 0
51 38 0.982849 0
51 39 0.915243 0
51 40 0.859886 0
51 41 0.907481 0
51 42 1.03655 0
51 43 1.12545 0
51 44 1.0314 0
51 45 1.04865 0
51 46 1.03638 0
51 47 1.09334 0
51 48 1.02204 0
51 49 0.940863 0
51 50 0.935444 0
51 51 0.920608 0
51 52 1.07968 0
51 53 0.880477 0
51 54 1.01435 0
51 55 0.984351 0
51 56 1.06568 0
51 57 0.829386 0
51 58 0.998525 0
51 59 0.909914 0
51 60 1.00974 0
52 1 0.841027 0
52 2 0.999468 0
52 3 0.944087 0
52 4 1.03574 0
52 5 1.04087 0
52 6 1.03933 0
52 7 0.987871 0
52 8 0.98537 0
52 9 1.05534 0
52 10 1.08459 0
52 11 1.02202 0
52 12 0.984993 0
52 13 0.933244 0
52 14 1.01661 0
52 15 0.870419 0
52 16 0.964156 0
52 17 1.0729 0
52 18 1.071 0
52 19 1.12669 0
52 20 0.960448 0
52 21 1.0208 0
52 22 0.895115 0
52 23 0.964097 0
52 24 1.02739 0
52 25 0.960159 0
52 26 1.06671 0
52 27 0.939872 0
52 28 0.976445 0
52 29 0.920929 0
52 30 0.943508 0
52 31 0.832491 0
52 32 0.838132 0
52 33 0.842509 0
52 34 1.063 0
52 35 1.05891 0
52 36 1.22579 0
52 37 1.1722 0
52 38 0.935638 0
52 39 0.858133 0
52 40 0.913508 0
52 41 0.941197 0
52 42 1.01356 0
52 43 0.945685 0
52 44 0.989986 0
52 45 1.01849 0
52 46 0.883978 0
52 47 1.00685 0
52 48 1.0841 0
52 49 0.953321 0
52 50 0.850222 0
52 51 0.989884 0
52 52 0.948898 0
52 53 1.04641 0
52 54 1.05069 0
52 55 1.15976 0
52 56 1.03916 0
52 57 1.05888 0
52 58 1.0621 0
52 59 0.922266 0
52 60 0.955862 0
53 1 0.78332 0
53 2 0.809217 0
53 3 0.924376 0
53 4 1.06603 0
53 5 1.16971 0
53 6 0.93152 0
53 7 1.0639 0
53 8 1.03767 0
53 9 0.990245 0
53 10 1.05076 0
53 11 0.838032 0
53 12 0.955121 0
53 13 0.962383 0
53 14 1.0082 0
53 15 0.964988 0
53 16 1.10763 0
53 17 1 0
53 18 1 0
53 19 1.0436 0
53 20 0.981168 0
53 21 0.965311 0
53 22 0.98561 0
53 23 0.924639 0
53 24 0.913961 0
53 25 1.29302 0
53 26 0.960078 0
53 27 0.937801 0
53 28 1.05296 0
53 29 0.981292 0
53 30 0.92288 0
53 31 0.87 0
53 32 0.943093 0
53 33 0.794473 0
53 34 1.01915 0
53 35 1.13689 0
53 36 1.1522 0
53 37 1.42108 0
53 38 0.983587 0
53 39 0.990005 0
53 40 0.938784 0
53 41 0.914813 0
53 42 0.980101 0
53 43 0.968692 0
53 44 1.19076 0
53 45 1.08053 0
53 46 1.06026 0
53 47 0.970266 0
53 48 0.863907 0
53 49 1.00201 0
53 50 0.979014 0
53 51 1.02168 0
53 52 1.0516 0
53 53 1.03027 0
53 54 1.02093 0
53 55 1.00279 0
53 56 1.09727 0
53 57 1.18422 0
53 58 1.04797 0
53 59 1 0
53 60 1 0
54 1 0.80795 0
54 2 0.948121 0
54 3 1.02645 0
54 4 1.07154 0
54 5 0.997822 0
54 6 0.946856 0
54 7 1.14007 0
54 8 1.16592 0
54 9 1.08411 0
54 10 1.06538 0
54 11 1.13579 0
54 12 1.14001 0
54 13 1.02581 0
54 14 1.14106 0
54 15 1.0806 0
54 16 1.13055 0
54 17 1.05097 0
54 18 1.29611 0
54 19 1.05045 0
54 20 1.21507 0
54 21 1.19782 0
54 22 0.988271 0
54 23 1.04893 0
54 24 1.01546 0
54 25 0.941506 0
54 26 1.25888 0
54 27 0.992224 0
54 28 1.03996 0
54 29 0.962987 0
54 30 0.92052 0
54 31 0.861701 0
54 32 0.9076 0
54 33 0.929858 0
54 34 1.1421 0
54 35 1.2079 0
54 36 1.17694 0
54 37 1.28193 0
54 38 1.11767 0
54 39 1.02325 0
54 40 1.04062 0
54 41 0.980472 0
54 42 1.02438 0
54 43 0.931995 0
54 44 1.06162 0
54 45 1.14717 0
54 46 0.978164 0
54 47 1 0
54 48 1.07326 0
54 49 1.04237 0
54 50 1.04574 0
54 51 1.20082 0
54 52 1.17463 0
54 53 1.24974 0
54 54 1.0691 0
54 55 1.15125 0
54 56 1.17315 0
54 57 1.08966 0
54 58 1.09951 0
54 59 1.02976 0
54 60 1.02303 0
55 1 0.855844 0
55 2 0.83708 0
55 3 0.885949 0
55 4 1.00614 0
55 5 1.02573 0
55 6 0.955164 0
55 7 0.977962 0
55 8 0.911562 0
55 9 0.993029 0
55 10 0.967864 0
55 11 1 0
55 12 0.920619 0
55 13 0.953549 0
55 14 0.938535 0
55 15 0.859125 0
55 16 0.982879 0
55 17 1.05086 0
55 18 1.08598 0
55 19 0.895196 0
55 20 1.02642 0
55 21 0.951597 0
55 22 0.96714 0
55 23 0.908683 0
55 24 1.01273 0
55 25 0.894937 0
55 26 0.951034 0
55 27 0.904517 0
55 28 1.072 0
55 29 0.907571 0
55 30 0.753468 0
55 31 0.735867 0
55 32 0.92194 0
55 33 0.7572 0
55 34 0.872815 0
55 35 1.0352 0
55 36 1.28569 0
55 37 1.31526 0
55 38 1.04302 0
55 39 1.01111 0
55 40 0.902206 0
55 41 0.817147 0
55 42 0.956171 0
55 43 1.02831 0
55 44 0.990809 0
55 45 1.06686 0
55 46 1.20865 0
55 47 0.903754 0
55 48 0.970093 0
55 49 0.851865 0
55 50 0.886395 0
55 51 1.04332 0
55 52 1.08025 0
55 53 1.08779 0
55 54 1.02772 0
55 55 0.961382 0
55 56 1.03144 0
55 57 1.08889 0
55 58 0.895212 0
55 59 0.954165 0
55 60 0.862657 0
56 1 0.99684 0
56 2 0.887991 0
56 3 0.935073 0
56 4 0.952504 0
56 5 1.15825 0
56 6 1.00274 0
56 7 1.06807 0
56 8 0.989608 0
56 9 0.960806 0
56 10 1.08541 0
56 11 1.19053 0
56 12 0.916807 0
56 13 1.00587 0
56 14 1.04192 0
56 15 0.857479 0
56 16 0.998149 0
56 17 0.948841 0
56 18 1.09759 0
56 19 1.1947 0
56 20 1.07266 0
56 21 1.03476 0
56 22 1.06904 0
56 23 0.90411 0
56 24 1.02626 0
56 25 1.09812 0
56 26 1.03175 0
56 27 1.08403 0
56 28 0.971079 0
56 29 0.99063 0
56 30 1.04232 0
56 31 0.874607 0
56 32 0.810634 0
56 33 0.838933 0
56 34 1.02337 0
56 35 1.04186 0
56 36 1.13846 0
56 37 1.22005 0
56 38 0.922237 0
56 39 1.05049 0
56 40 0.885277 0
56 41 0.942933 0
56 42 1.02954 0
56 43 0.982853 0
56 44 1.08057 0
56 45 1.03215 0
56 46 0.988356 0
56 47 1.11224 0
56 48 1.00926 0
56 49 0.938806 0
56 50 0.666667 0
56 51 1.04798 0
56 52 1.26094 0
56 53 1.10136 0
56 54 1.04981 0
56 55 1.24856 0
56 56 1.14449 0
56 57 1.135 0
56 58 0.666667 0
56 59 0.959483 0
56 60 0.686496 0
57 1 0.909864 0
57 2 0.963498 0
57 3 0.843316 0
57 4 0.933633 0
57 5 1.04873 0
57 6 1.10439 0
57 7 0.939522 0
57 8 0.893105 0
57 9 0.910955 0
57 10 0.97049 0
57 11 0.983295 0
57 12 0.915115 0
57 13 0.927751 0
57 14 1.02798 0
57 15 0.916032 0
57 16 0.945301 0
57 17 0.997502 0
57 18 1.19076 0
57 19 0.966608 0
57 20 0.95064 0
57 21 0.879103 0
57 22 1.09133 0
57 23 0.970608 0
57 24 1.12243 0
57 25 0.962089 0
57 26 0.950843 0
57 27 0.944393 0
57 28 0.939946 0
57 29 0.890342 0
57 30 0.917905 0
57 31 0.908371 0
57 32 0.887656 0
57 33 0.858644 0
57 34 0.956853 0
57 35 1.13459 0
57 36 1.12908 0
57 37 1.2012 0
57 38 1.01818 0
57 39 1.00048 0
57 40 0.927355 0
57 41 0.917209 0
57 42 1.02287 0
57 43 0.964883 0
57 44 1.07535 0
57 45 1.07625 0
57 46 0.723922 0
57 47 0.942969 0
57 48 0.933154 0
57 49 0.881634 0
57 50 0.742933 0
57 51 1.04182 0
57 52 1.03563 0
57 53 1.06359 0
57 54 0.666667 0
57 55 1.10342 0
57 56 1.02014 0
57 57 1.04086 0
57 58 0.707896 0
57 59 0.873648 0
57 60 1.02108 0
58 1 0.812684 0
58 2 0.79053 0
58 3 0.817776 0
58 4 0.966674 0
58 5 0.902633 0
58 6 1.06149 0
58 7 0.884032 0
58 8 0.961443 0
58 9 0.962932 0
58 10 0.956398 0
58 11 0.844358 0
58 12 0.749617 0
58 13 0.882485 0
58 14 0.940946 0
58 15 1.01326 0
58 16 1.14845 0
58 17 0.918538 0
58 18 0.922379 0
58 19 0.837581 0
58 20 1.00627 0
58 21 0.949905 0
58 22 0.955559 0
58 23 1.01183 0
58 24 1.02596 0
58 25 0.897293 0
58 26 0.96747 0
58 27 0.842619 0
58 28 0.939907 0
58 29 0.867747 0
58 30 0.941313 0
58 31 0.904636 0
58 32 1.00219 0
58 33 0.889279 0
58 34 1.07058 0
58 35 1.03488 0
58 36 0.975096 0
58 37 0.950342 0
58 38 0.900807 0
58 39 0.871769 0
58 40 0.858076 0
58 41 1.02831 0
58 42 0.862056 0
58 43 0.949035 0
58 44 0.941497 0
58 45 0.830186 0
58 46 0.960139 0
58 47 0.933475 0
58 48 1.01451 0
58 49 1.02626 0
58 50 0.972035 0
58 51 0.666667 0
58 52 1.12577 0
58 53 0.913796 0
58 54 0.907889 0
58 55 0.993605 0
58 56 1.10599 0
58 57 1.00085 0
58 58 0.935266 0
58 59 0.806449 0
58 60 0.979507 0
59 1 0.962666 0
59 2 0.903692 0
59 3 0.904993 0
59 4 0.741827 0
59 5 0.928792 0
59 6 0.965881 0
59 7 1.07853 0
59 8 0.955668 0
59 9 1.02112 0
59 10 1.04247 0
59 11 1 0
59 12 0.927604 0
59 13 0.959509 0
59 14 1.04428 0
59 15 1.00008 0
59 16 1.04684 0
59 17 0.93804 0
59 18 1.20313 0
59 19 1.03226 0
59 20 1.05939 0
59 21 1.07298 0
59 22 0.918063 0
59 23 0.968401 0
59 24 1.04556 0
59 25 1.06216 0
59 26 1.01465 0
59 27 1.00922 0
59 28 1.05918 0
59 29 1.03523 0
59 30 0.964154 0
59 31 0.966836 0
59 32 1.02244 0
59 33 0.897121 0
59 34 1.03247 0
59 35 1.0494 0
59 36 1.10134 0
59 37 1.17901 0
59 38 1.07934 0
59 39 0.932884 0
59 40 0.853524 0
59 41 0.938359 0
59 42 1.09378 0
59 43 1.08754 0
59 44 1.07741 0
59 45 1 0
59 46 1 0
59 47 0.913913 0
59 48 0.933783 0
59 49 0.929701 0
59 50 0.927394 0
59 51 0.819857 0
59 52 1.03607 0
59 53 1.03106 0
59 54 1.0138 0
59 55 0.914023 0
59 56 0.944235 0
59 57 0.944346 0
59 58 0.948689 0
59 59 0.851966 0
59 60 0.921156 0
60 1 0.959466 0
60 2 0.973433 0
60 3 0.968537 0
60 4 0.938827 0
60 5 1.0577 0
60 6 1.02145 0
60 7 1.09673 0
60 8 0.949959 0
60 9 1.00203 0
60 10 1.07563 0
60 11 1.0994 0
60 12 0.992003 0
60 13 0.839062 0
60 14 0.951904 0
60 15 0.890061 0
60 16 0.984161 0
60 17 1.12212 0
60 18 1.15176 0
60 19 1.03905 0
60 20 1.14121 0
60 21 0.928992 0
60 22 0.913142 0
60 23 0.957381 0
60 24 0.930585 0
60 25 1.00113 0
60 26 1 0
60 27 0.946975 0
60 28 0.981259 0
60 29 0.901059 0
60 30 0.996691 0
60 31 0.818806 0
60 32 0.719298 0
60 33 0.698227 0
60 34 0.879734 0
60 35 1.07036 0
60 36 1.24397 0
60 37 1.5 0
60 38 1.0906 0
60 39 0.985732 0
60 40 0.941826 0
60 41 0.893847 0
60 42 1.04094 0
60 43 0.954996 0
60 44 0.97291 0
60 45 1.05361 0
60 46 1.00391 0
60 47 1.01754 0
60 48 1.05553 0
60 49 0.949407 0
60 50 0.929734 0
60 51 0.960239 0
60 52 0.898045 0
60 53 0.853798 0
60 54 0.988381 0
60 55 1 0
60 56 0.900276 0
60 57 1.07832 0
60 58 1.10125 0
60 59 1.01271 0
60 60 0.9114 0
61 1 0.832441 0
61 2 1.0049 0
61 3 1.00424 0
61 4 0.962655 0
61 5 1.08592 0
61 6 0.885802 0
61 7 1.01279 0
61 8 1.06303 0
61 9 1.04041 0
61 10 1.16916 0
61 11 1.017 0
61 12 1.01727 0
61 13 0.939343 0
61 14 1.04273 0
61 15 0.916943 0
61 16 1.12178 0
61 17 1.07682 0
61 18 1.11175 0
61 19 0.905116 0
61 20 1.05947 0
61 21 0.930288 0
61 22 0.852103 0
61 23 0.980792 0
61 24 0.943718 0
61 25 0.939433 0
61 26 1.07369 0
61 27 0.965434 0
61 28 1.01368 0
61 29 1.00735 0
61 30 0.895167 0
61 31 0.756704 0
61 32 0.940558 0
61 33 0.666667 0
61 34 0.91077 0
61 35 1.03616 0
61 36 1.40737 0
61 37 1.2281 0
61 38 1.07831 0
61 39 0.872106 0
61 40 0.868369 0
61 41 0.89756 0
61 42 0.959919 0
61 43 0.972985 0
61 44 1.00196 0
61 45 0.955842 0
61 46 0.9333 0
61 47 0.983345 0
61 48 0.966578 0
61 49 0.920233 0
61 50 0.959952 0
61 51 0.955776 0
61 52 0.974566 0
61 53 0.98893 0
61 54 1.14652 0
61 55 1.00832 0
61 56 1.06711 0
61 57 1.12615 0
61 58 1.14601 0
61 59 0.995955 0
61 60 1.0491 0
62 1 0.900135 0
62 2 0.933714 0
62 3 0.961011 0
62 4 1.00659 0
62 5 1.04841 0
62 6 0.925682 0
62 7 1.04061 0
62 8 0.937581 0
62 9 0.957298 0
62 10 1.13627 0
62 11 0.93849 0
62 12 0.972324 0
62 13 0.946129 0
62 14 0.96265 0
62 15 1.07043 0
62 16 0.943971 0
62 17 1.06163 0
62 18 1.14661 0
62 19 0.941935 0
62 20 0.963604 0
62 21 0.996904 0
62 22 0.845182 0
62 23 1.05371 0
62 24 1.14662 0
62 25 0.903681 0
62 26 1 0
62 27 1.02515 0
62 28 0.995141 0
62 29 0.937861 0
62 30 0.849852 0
62 31 0.84935 0
62 32 0.801383 0
62 33 0.70999 0
62 34 0.930321 0
62 35 1.03841 0
62 36 1.17072 0
62 37 1.5 0
62 38 1.1167 0
62 39 0.91242 0
62 40 1.02691 0
62 41 0.9242 0
62 42 1.04466 0
62 43 0.955964 0
62 44 1.06013 0
62 45 0.895594 0
62 46 1.06326 0
62 47 0.951565 0
62 48 0.947781 0
62 49 0.992966 0
62 50 1.0049 0
62 51 1 0
62 52 1 0
62 53 1.0073 0
62 54 1.18136 0
62 55 1.08218 0
62 56 1.03523 0
62 57 1.02797 0
62 58 1.06476 0
62 59 1.02005 0
62 60 0.921109 0
63 1 0.89439 0
63 2 0.990506 0
63 3 1.05541 0
63 4 0.979035 0
63 5 0.976427 0
63 6 0.874891 0
63 7 1.20651 0
63 8 0.71968 0
63 9 0.945342 0
63 10 1.00724 0
63 11 1.15452 0
63 12 0.948831 0
63 13 0.887652 0
63 14 0.965899 0
63 15 0.910697 0
63 16 1.19239 0
63 17 0.957011 0
63 18 1.03715 0
63 19 1.06577 0
63 20 0.94164 0
63 21 1.01126 0
63 22 1.02307 0
63 23 0.865739 0
63 24 0.990186 0
63 25 0.899989 0
63 26 0.780889 0
63 27 0.96309 0
63 28 1.0431 0
63 29 1.00705 0
63 30 0.797504 0
63 31 0.824194 0
63 32 0.79734 0
63 33 0.812073 0
63 34 0.942568 0
63 35 1.0114 0
63 36 1.13336 0
63 37 1.28978 0
63 38 0.960677 0
63 39 0.904613 0
63 40 0.921892 0
63 41 0.987404 0
63 42 1.093 0
63 43 1.00893 0
63 44 1.05991 0
63 45 0.866123 0
63 46 1.04681 0
63 47 1.07403 0
63 48 1.07947 0
63 49 0.986265 0
63 50 0.869616 0
63 51 1.07769 0
63 52 1.06876 0
63 53 0.961913 0
63 54 1.12533 0
63 55 1.14976 0
63 56 1.20145 0
63 57 0.986023 0
63 58 0.787716 0
63 59 1.00636 0
63 60 0.983615 0
64 1 0.913054 0
64 2 1.01371 0
64 3 0.741322 0
64 4 1.07625 0
64 5 0.882329 0
64 6 0.947008 0
64 7 0.988587 0
64 8 0.909344 0
64 9 1.05449 0
64 10 0.924753 0
64 11 1.0105 0
64 12 1.04482 0
64 13 0.92891 0
64 14 0.948762 0
64 15 1.10583 0
64 16 0.952319 0
64 17 0.878685 0
64 18 1.06007 0
64 19 1.17367 0
64 20 0.971597 0
64 21 0.991517 0
64 22 0.96218 0
64 23 0.861906 0
64 24 1.23423 0
64 25 1.05758 0
64 26 0.93025 0
64 27 1.04281 0
64 28 1.03203 0
64 29 0.907272 0
64 30 1.20051 0
64 31 0.995532 0
64 32 1.06583 0
64 33 0.869702 0
64 34 0.830887 0
64 35 0.918109 0
64 36 1.05727 0
64 37 1.17081 0
64 38 1.17159 0
64 39 1.18249 0
64 40 1.03701 0
64 41 1.13613 0
64 42 0.976036 0
64 43 1.07272 0
64 44 1.04201 0
64 45 0.937151 0
64 46 1.08873 0
64 47 0.997474 0
64 48 1.03404 0
64 49 1.0409 0
64 50 1.22331 0
64 51 0.914209 0
64 52 1.12695 0
64 53 0.94607 0
64 54 1.19494 0
64 55 1.03453 0
64 56 1.05339 0
64 57 1.16904 0
64 58 1.17118 0
64 59 1.16941 0
64 60 1.01537 0
65 1 0.856089 0
65 2 0.774399 0
65 3 0.83077 0
65 4 0.898386 0
65 5 1.02404 0
65 6 1.07613 0
65 7 1.09519 0
65 8 1.07968 0
65 9 0.891548 0
65 10 0.940528 0
65 11 1.1903 0
65 12 1.12718 0
65 13 0.86275 0
65 14 1.12961 0
65 15 1.10056 0
65 16 0.957696 0
65 17 0.907434 0
65 18 1.1471 0
65 19 1.02283 0
65 20 1.03351 0
65 21 0.926952 0
65 22 0.930616 0
65 23 0.999284 0
65 24 0.929912 0
65 25 0.966704 0
65 26 1.0052 0
65 27 1.07312 0
65 28 0.965708 0
65 29 1.1674 0
65 30 0.947777 0
65 31 1.00502 0
65 32 0.995216 0
65 33 0.842221 0
65 34 0.925599 0
65 35 0.992279 0
65 36 1.08346 0
65 37 1.15829 0
65 38 1.09872 0
65 39 0.985408 0
65 40 0.955201 0
65 41 0.796026 0
65 42 1.0398 0
65 43 0.958986 0
65 44 1.0307 0
65 45 1.10807 0
65 46 1.1328 0
65 47 0.918968 0
65 48 1.04701 0
65 49 1.00944 0
65 50 1.03609 0
65 51 1.06407 0
65 52 0.977215 0
65 53 0.941873 0
65 54 1.06683 0
65 55 1.09321 0
65 56 1.14888 0
65 57 1.20564 0
65 58 1.09596 0
65 59 0.889961 0
65 60 0.905706 0
66 1 0.916615 0
66 2 0.896982 0
66 3 0.79185 0
66 4 1.02864 0
66 5 0.928333 0
66 6 1.04801 0
66 7 1.05056 0
66 8 0.9612 0
66 9 0.842317 0
66 10 0.893787 0
66 11 1.02173 0
66 12 0.817498 0
66 13 0.86889 0
66 14 0.903123 0
66 15 0.839863 0
66 16 0.903919 0
66 17 0.916843 0
66 18 1.14828 0
66 19 1.00889 0
66 20 1.07082 0
66 21 1.05495 0
66 22 0.854237 0
66 23 0.927466 0
66 24 0.888774 0
66 25 0.955046 0
66 26 0.919615 0
66 27 0.891588 0
66 28 0.92186 0
66 29 1.01425 0
66 30 0.907962 0
66 31 0.797531 0
66 32 0.83944 0
66 33 1 0
66 34 1 0
66 35 1.12589 0
66 36 1.09996 0
66 37 1.06235 0
66 38 0.877628 0
66 39 1.023 0
66 40 0.994613 0
66 41 0.932727 0
66 42 1.00392 0
66 43 0.95015 0
66 44 0.963383 0
66 45 1 0
66 46 1 0
66 47 0.949205 0
66 48 1.00858 0
66 49 0.919008 0
66 50 0.931654 0
66 51 0.98283 0
66 52 0.989863 0
66 53 1.13115 0
66 54 0.666667 0
66 55 1.06235 0
66 56 0.696375 0
66 57 1.08374 0
66 58 0.925086 0
66 59 0.784351 0
66 60 0.888292 0
67 1 0.937549 0
67 2 0.811471 0
67 3 0.888247 0
67 4 0.866966 0
67 5 0.924971 0
67 6 1.02385 0
67 7 0.902328 0
67 8 1.0552 0
67 9 0.847813 0
67 10 1.04032 0
67 11 1.15871 0
67 12 1.04684 0
67 13 0.896065 0
67 14 1.14487 0
67 15 1.0443 0
67 16 1.01393 0
67 17 1.05463 0
67 18 1.12221 0
67 19 1.05372 0
67 20 1.14637 0
67 21 0.962347 0
67 22 1.03182 0
67 23 0.90213 0
67 24 1.07558 0
67 25 1.11859 0
67 26 1.03068 0
67 27 1.07347 0
67 28 1.04116 0
67 29 1.04145 0
67 30 0.977904 0
67 31 1.04424 0
67 32 0.914039 0
67 33 0.846625 0
67 34 0.821678 0
67 35 0.980502 0
67 36 1.05988 0
67 37 1.26432 0
67 38 1.03798 0
67 39 0.990471 0
67 40 0.891161 0
67 41 0.733437 0
67 42 1.04824 0
67 43 0.864745 0
67 44 0.907852 0
67 45 1.00351 0
67 46 0.995615 0
67 47 0.921667 0
67 48 1.02581 0
67 49 0.87233 0
67 50 0.861746 0
67 51 0.846208 0
67 52 1.02079 0
67 53 0.99313 0
67 54 0.961195 0
67 55 0.987086 0
67 56 1.00319 0
67 57 1.01005 0
67 58 0.88562 0
67 59 0.853716 0
67 60 0.914142 0
68 1 0.95049 0
68 2 1.00732 0
68 3 0.966877 0
68 4 1.02916 0
68 5 1.01786 0
68 6 0.971097 0
68 7 1.0057 0
68 8 1.18833 0
68 9 1.14059 0
68 10 0.952926 0
68 11 1.02273 0
68 12 1.06839 0
68 13 0.997037 0
68 14 0.908841 0
68 15 1.01758 0
68 16 0.973148 0
68 17 1.01165 0
68 18 1.1642 0
68 19 1.09755 0
68 20 1.06534 0
68 21 1.02554 0
68 22 1.01847 0
68 23 0.916323 0
68 24 1.0014 0
68 25 1.0134 0
68 26 1.05961 0
68 27 0.925887 0
68 28 0.966103 0
68 29 1 0
68 30 1.01874 0
68 31 0.796504 0
68 32 0.838756 0
68 33 0.675887 0
68 34 0.897248 0
68 35 1.09618 0
68 36 1.33754 0
68 37 1.5 0
68 38 1.22225 0
68 39 0.989166 0
68 40 0.917684 0
68 41 0.963299 0
68 42 1 0
68 43 1.03755 0
68 44 1.14686 0
68 45 1.11539 0
68 46 1.11719 0
68 47 0.883655 0
68 48 0.885543 0
68 49 0.914984 0
68 50 0.990595 0
68 51 0.893163 0
68 52 1.02951 0
68 53 0.896635 0
68 54 1.10843 0
68 55 0.984319 0
68 56 1.07628 0
68 57 0.974783 0
68 58 1.02729 0
68 59 0.973517 0
68 60 0.966694 0
69 1 0.878278 0
69 2 1.0412 0
69 3 0.98305 0
69 4 0.895829 0
69 5 1.00244 0
69 6 0.867911 0
69 7 0.937055 0
69 8 1.07039 0
69 9 1.03356 0
69 10 1.02358 0
69 11 0.962741 0
69 12 0.96819 0
69 13 1.29623 0
69 14 1.01422 0
69 15 0.882871 0
69 16 0.999101 0
69 17 1.056 0
69 18 1.05779 0
69 19 1.05726 0
69 20 0.962905 0
69 21 1.03107 0
69 22 0.98341 0
69 23 1 0
69 24 1 0
69 25 0.907505 0
69 26 1.01784 0
69 27 1.18961 0
69 28 1.02175 0
69 29 0.952958 0
69 30 0.89806 0
69 31 0.788605 0
69 32 0.80925 0
69 33 0.666667 0
69 34 0.940737 0
69 35 1.03367 0
69 36 1.27951 0
69 37 1.5 0
69 38 1.18551 0
69 39 0.900558 0
69 40 0.909082 0
69 41 1.01681 0
69 42 0.95505 0
69 43 0.925085 0
69 44 1 0
69 45 1.03862 0
69 46 1.06248 0
69 47 1 0
69 48 1 0
69 49 1.06678 0
69 50 0.93544 0
69 51 0.930228 0
69 52 1.03443 0
69 53 1.02304 0
69 54 1.04164 0
69 55 1.22149 0
69 56 1.00129 0
69 57 1.13842 0
69 58 1.0802 0
69 59 0.942664 0
69 60 0.926348 0
70 1 1.07429 0
70 2 1.00203 0
70 3 1.02176 0
70 4 1.04824 0
70 5 1.06109 0
70 6 0.885537 0
70 7 0.992669 0
70 8 1.00422 0
70 9 0.926539 0
70 10 0.999066 0
70 11 1.00569 0
70 12 0.955113 0
70 13 1.15845 0
70 14 1.0319 0
70 15 0.872337 0
70 16 1.00713 0
70 17 0.948804 0
70 18 1.13143 0
70 19 0.98926 0
70 20 0.974311 0
70 21 0.94301 0
70 22 0.927131 0
70 23 1.01346 0
70 24 1.00094 0
70 25 0.906384 0
70 26 1.12092 0
70 27 1.04205 0
70 28 0.973448 0
70 29 0.989305 0
70 30 0.870286 0
70 31 0.713887 0
70 32 0.809544 0
70 33 0.666667 0
70 34 0.887545 0
70 35 0.981124 0
70 36 1.38362 0
70 37 1.5 0
70 38 1.19154 0
70 39 0.856266 0
70 40 0.847765 0
70 41 0.951225 0
70 42 0.939373 0
70 43 0.840349 0
70 44 1.0395 0
70 45 0.938122 0
70 46 1.00481 0
70 47 0.989798 0
70 48 0.898734 0
70 49 0.861413 0
70 50 0.936371 0
70 51 0.976494 0
70 52 0.904752 0
70 53 0.970786 0
70 54 1.02553 0
70 55 0.937542 0
70 56 1.05656 0
70 57 1.05894 0
70 58 1.02192 0
70 59 0.800489 0
70 60 0.994159 0
71 1 0.96727 0
71 2 1.03467 0
71 3 0.897606 0
71 4 1.00735 0
71 5 0.967894 0
71 6 1.0981 0
71 7 0.952308 0
71 8 1.01729 0
71 9 1.08215 0
71 10 0.984353 0
71 11 1.0112 0
71 12 1.11913 0
71 13 1.1385 0
71 14 1.15364 0
71 15 1.1002 0
71 16 0.953189 0
71 17 1.268 0
71 18 1.30534 0
71 19 1.12897 0
71 20 1.17021 0
71 21 0.998664 0
71 22 0.997886 0
71 23 1.04297 0
71 24 0.934175 0
71 25 1.12634 0
71 26 1.16018 0
71 27 1.11849 0
71 28 1.09703 0
71 29 1.01013 0
71 30 0.963363 0
71 31 0.855546 0
71 32 0.897332 0
71 33 0.683042 0
71 34 0.951534 0
71 35 1.07937 0
71 36 1.24439 0
71 37 1.5 0
71 38 1.13116 0
71 39 1 0
71 40 0.92735 0
71 41 1.21766 0
71 42 1.01823 0
71 43 1.08049 0
71 44 1.16653 0
71 45 1.01449 0
71 46 0.999194 0
71 47 1.02676 0
71 48 1.19787 0
71 49 1.10055 0
71 50 1.10068 0
71 51 0.962781 0
71 52 0.985767 0
71 53 1.04456 0
71 54 1.02363 0
71 55 1.1947 0
71 56 1.12722 0
71 57 1.10141 0
71 58 0.967464 0
71 59 0.8805 0
71 60 0.883607 0
72 1 1.0144 0
72 2 0.854261 0
72 3 0.942566 0
72 4 0.87317 0
72 5 0.951605 0
72 6 0.964324 0
72 7 0.996413 0
72 8 0.990392 0
72 9 0.997032 0
72 10 1.02159 0
72 11 1.23492 0
72 12 1.0137 0
72 13 0.92101 0
72 14 0.937365 0
72 15 1.11365 0
72 16 0.886436 0
72 17 1.09312 0
72 18 1.10727 0
72 19 1.13919 0
72 20 0.995101 0
72 21 0.961991 0
72 22 0.943449 0
72 23 1.04527 0
72 24 1.07738 0
72 25 0.87124 0
72 26 1.14335 0
72 27 1 0
72 28 1.05704 0
72 29 0.906783 0
72 30 0.978238 0
72 31 0.932211 0
72 32 0.764715 0
72 33 1 0
72 34 1 0
72 35 1 0
72 36 1 0
72 37 1 0
72 38 0.934206 0
72 39 0.946881 0
72 40 0.920033 0
72 41 0.880506 0
72 42 1.0438 0
72 43 1 0
72 44 1.0169 0
72 45 1.05617 0
72 46 1.07005 0
72 47 0.990667 0
72 48 0.897017 0
72 49 0.989945 0
72 50 1.20177 0
72 51 1.06955 0
72 52 1.02 0
72 53 0.97105 0
72 54 0.991828 0
72 55 1.08485 0
72 56 1.05055 0
72 57 1.05708 0
72 58 0.885519 0
72 59 0.815612 0
72 60 0.973582 0
73 1 0.976266 0
73 2 0.94299 0
73 3 0.985276 0
73 4 0.942193 0
73 5 0.915869 0
73 6 0.900816 0
73 7 1.07997 0
73 8 0.891932 0
73 9 0.965017 0
73 10 0.902524 0
73 11 0.868713 0
73 12 1.27518 0
73 13 0.959499 0
73 14 0.906601 0
73 15 0.838781 0
73 16 0.821669 0
73 17 0.87183 0
73 18 0.987677 0
73 19 0.917738 0
73 20 1.03636 0
73 21 0.890717 0
73 22 0.917008 0
73 23 0.958075 0
73 24 0.936266 0
73 25 1.14964 0
73 26 1.03061 0
73 27 0.928087 0
73 28 1.11523 0
73 29 0.877413 0
73 30 0.867942 0
73 31 0.936422 0
73 32 0.749757 0
73 33 0.810669 0
73 34 0.964306 0
73 35 1.09023 0
73 36 1.2892 0
73 37 1.00286 0
73 38 1.09238 0
73 39 1.03347 0
73 40 0.753548 0
73 41 0.943139 0
73 42 0.959995 0
73 43 0.945643 0
73 44 0.971208 0
73 45 0.881868 0
73 46 0.999174 0
73 47 0.908044 0
73 48 0.813881 0
73 49 0.911279 0
73 50 0.809748 0
73 51 0.943204 0
73 52 0.89977 0
73 53 0.996755 0
73 54 0.953197 0
73 55 0.954813 0
73 56 0.964136 0
73 57 0.888842 0
73 58 0.666667 0
73 59 0.760909 0
73 60 0.867932 0
74 1 0.975146 0
74 2 0.930538 0
74 3 1.02939 0
74 4 0.977978 0
74 5 1.10851 0
74 6 0.929538 0
74 7 0.935895 0
74 8 1.01751 0
74 9 1 0
74 10 1.20657 0
74 11 1.1129 0
74 12 1.16525 0
74 13 1.02672 0
74 14 0.959213 0
74 15 0.927131 0
74 16 0.901599 0
74 17 1.07892 0
74 18 1.12927 0
74 19 1.0405 0
74 20 0.966634 0
74 21 1.17865 0
74 22 0.910464 0
74 23 1.09425 0
74 24 1.04506 0
74 25 0.982249 0
74 26 1.0444 0
74 27 1.0607 0
74 28 1.06652 0
74 29 1.01143 0
74 30 0.963871 0
74 31 0.837596 0
74 32 0.725789 0
74 33 0.72076 0
74 34 0.809562 0
74 35 0.939359 0
74 36 1.15049 0
74 37 1.44066 0
74 38 1.34242 0
74 39 1.0128 0
74 40 0.867236 0
74 41 1.00728 0
74 42 0.950799 0
74 43 0.945832 0
74 44 1.0781 0
74 45 0.995812 0
74 46 0.863632 0
74 47 0.929612 0
74 48 0.785449 0
74 49 0.994381 0
74 50 0.969484 0
74 51 0.939728 0
74 52 0.899457 0
74 53 0.957467 0
74 54 0.958307 0
74 55 0.784053 0
74 56 0.945147 0
74 57 0.890117 0
74 58 1.07339 0
74 59 0.943401 0
74 60 0.898609 0
75 1 0.91098 0
75 2 1.12831 0
75 3 1.11102 0
75 4 1.01154 0
75 5 1.03473 0
75 6 0.923338 0
75 7 1.01916 0
75 8 1.04691 0
75 9 1.1839 0
75 10 0.977328 0
75 11 1.1167 0
75 12 1.04496 0
75 13 1.06465 0
75 14 1.11646 0
75 15 0.936036 0
75 16 0.961116 0
75 17 1.1928 0
75 18 1.19606 0
75 19 1.08199 0
75 20 1.32797 0
75 21 0.940347 0
75 22 0.924875 0
75 23 1.10583 0
75 24 0.923729 0
75 25 0.991694 0
75 26 1.04534 0
75 27 1.03111 0
75 28 1.05259 0
75 29 1.12422 0
75 30 0.881085 0
75 31 0.756421 0
75 32 0.77255 0
75 33 0.677979 0
75 34 0.838251 0
75 35 0.956754 0
75 36 1.41574 0
75 37 1.5 0
75 38 1.23802 0
75 39 0.946118 0
75 40 0.829337 0
75 41 1.03076 0
75 42 0.982378 0
75 43 0.915961 0
75 44 1.11007 0
75 45 1.03436 0
75 46 0.954778 0
75 47 0.901255 0
75 48 0.943869 0
75 49 0.896133 0
75 50 0.937932 0
75 51 0.906983 0
75 52 1.04024 0
75 53 0.735395 0
75 54 1.06994 0
75 55 0.991038 0
75 56 1.10804 0
75 57 0.974607 0
75 58 0.956559 0
75 59 0.917027 0
75 60 0.936917 0
76 1 0.957322 0
76 2 0.963468 0
76 3 0.964082 0
76 4 1.05078 0
76 5 1.02131 0
76 6 0.901746 0
76 7 1.04773 0
76 8 0.666667 0
76 9 1.03079 0
76 10 1.10909 0
76 11 0.973921 0
76 12 1.06876 0
76 13 0.982237 0
76 14 0.855747 0
76 15 0.950771 0
76 16 0.951135 0
76 17 1.0618 0
76 18 1.16762 0
76 19 1.05022 0
76 20 1.02122 0
76 21 1.11843 0
76 22 0.913226 0
76 23 0.975587 0
76 24 0.972856 0
76 25 0.945583 0
76 26 1.04999 0
76 27 0.878997 0
76 28 0.914964 0
76 29 0.939937 0
76 30 0.946597 0
76 31 0.738514 0
76 32 0.729007 0
76 33 0.666667 0
76 34 0.87979 0
76 35 0.954622 0
76 36 1.39335 0
76 37 1.5 0
76 38 1.3133 0
76 39 1.01316 0
76 40 0.810365 0
76 41 0.878832 0
76 42 0.972262 0
76 43 0.943605 0
76 44 1.06719 0
76 45 1.07119 0
76 46 1.04418 0
76 47 0.960904 0
76 48 0.929098 0
76 49 0.943855 0
76 50 0.929906 0
76 51 1.00522 0
76 52 0.864655 0
76 53 1.02257 0
76 54 1.00063 0
76 55 0.940373 0
76 56 0.857975 0
76 57 0.92748 0
76 58 1.02098 0
76 59 0.857032 0
76 60 0.848804 0
77 1 0.958008 0
77 2 0.907296 0
77 3 0.88999 0
77 4 0.930469 0
77 5 1.09666 0
77 6 0.903367 0
77 7 0.889041 0
77 8 0.997197 0
77 9 0.969182 0
77 10 1.03383 0
77 11 1.00221 0
77 12 1.0832 0
77 13 0.976805 0
77 14 0.966234 0
77 15 0.935222 0
77 16 0.962317 0
77 17 1.03421 0
77 18 1.1346 0
77 19 1.11111 0
77 20 1.06886 0
77 21 0.912747 0
77 22 0.882344 0
77 23 0.950784 0
77 24 0.872646 0
77 25 0.817913 0
77 26 1.03011 0
77 27 0.924497 0
77 28 0.981231 0
77 29 0.927652 0
77 30 0.926201 0
77 31 0.6722 0
77 32 0.757255 0
77 33 0.666667 0
77 34 0.888547 0
77 35 0.970224 0
77 36 1.20142 0
77 37 1.5 0
77 38 1.05305 0
77 39 0.961363 0
77 40 0.881695 0
77 41 0.926108 0
77 42 0.978892 0
77 43 0.959161 0
77 44 1.08596 0
77 45 1.16855 0
77 46 1.01416 0
77 47 1.11643 0
77 48 0.789898 0
77 49 0.943855 0
77 50 0.935351 0
77 51 0.928151 0
77 52 0.943568 0
77 53 0.938975 0
77 54 1.03118 0
77 55 1.10753 0
77 56 1.02766 0
77 57 1.05666 0
77 58 1.05908 0
77 59 0.883204 0
77 60 0.875703 0
78 1 1.1518 0
78 2 0.918808 0
78 3 0.925691 0
78 4 0.899626 0
78 5 1.08898 0
78 6 1.25765 0
78 7 0.842232 0
78 8 1.05195 0
78 9 0.967345 0
78 10 0.982589 0
78 11 1.24866 0
78 12 1.17748 0
78 13 1.19214 0
78 14 0.97499 0
78 15 1.0941 0
78 16 1.01857 0
78 17 1.09235 0
78 18 1.06064 0
78 19 0.981644 0
78 20 1.21392 0
78 21 1.03224 0
78 22 0.995527 0
78 23 1.05173 0
78 24 0.987954 0
78 25 0.935027 0
78 26 1.08837 0
78 27 0.941514 0
78 28 0.991523 0
78 29 0.920185 0
78 30 0.863611 0
78 31 0.746715 0
78 32 0.843312 0
78 33 0.69913 0
78 34 0.825791 0
78 35 1.00362 0
78 36 1.34524 0
78 37 1.5 0
78 38 1.05175 0
78 39 1.1255 0
78 40 0.978266 0
78 41 0.972314 0
78 42 1.02714 0
78 43 0.874482 0
78 44 1.12921 0
78 45 0.983301 0
78 46 1.15101 0
78 47 0.971475 0
78 48 0.947033 0
78 49 0.976985 0
78 50 1.01078 0
78 51 1.09812 0
78 52 0.978171 0
78 53 0.966205 0
78 54 0.886331 0
78 55 1.05024 0
78 56 1.03662 0
78 57 1.08598 0
78 58 1.01051 0
78 59 0.762718 0
78 60 0.949098 0
79 1 1.00848 0
79 2 0.957436 0
79 3 0.9231 0
79 4 0.94141 0
79 5 0.998171 0
79 6 0.935737 0
79 7 1.00685 0
79 8 1.03612 0
79 9 1.03734 0
79 10 0.948198 0
79 11 0.890184 0
79 12 0.890832 0
79 13 0.750747 0
79 14 0.921282 0
79 15 0.915849 0
79 16 0.926281 0
79 17 0.871841 0
79 18 0.950473 0
79 19 0.926797 0
79 20 0.896807 0
79 21 0.910372 0
79 22 0.92718 0
79 23 0.987247 0
79 24 1.05281 0
79 25 1.01461 0
79 26 0.879716 0
79 27 0.740422 0
79 28 0.94925 0
79 29 0.903231 0
79 30 0.936807 1
79 31 0.840141 1
79 32 1.00015 0
79 33 0.894023 1
79 34 0.950453 1
79 35 0.917389 1
79 36 1.01731 1
79 37 0.975823 1
79 38 0.926155 1
79 39 0.962695 1
79 40 0.90437 1
79 41 1.04391 0
79 42 0.967619 1
79 43 1.01024 0
79 44 1.00925 1
79 45 1.10046 0
79 46 1.16317 0
79 47 1.03128 0
79 48 1.0339 0
79 49 1.04245 0
79 50 0.982605 0
79 51 1.103 0
79 52 1.08642 0
79 53 1.06808 0
79 54 1.16235 0
79 55 1 0
79 56 1 0
79 57 0.990715 0
79 58 1.02054 0
79 59 1.03347 0
79 60 1.06223 0
80 1 1.02073 0
80 2 1.04095 0
80 3 0.953738 0
80 4 1.06835 0
80 5 0.946507 0
80 6 0.98267 0
80 7 1.01616 0
80 8 1.01764 0
80 9 1.05425 0
80 10 1.00323 0
80 11 0.880403 0
80 12 0.835 0
80 13 0.817129 0
80 14 0.895828 0
80 15 0.903447 0
80 16 1.00053 0
80 17 0.927848 0
80 18 0.969993 0
80 19 0.900365 0
80 20 0.936776 0
80 21 1.00518 0
80 22 0.952341 0
80 23 0.948557 0
80 24 0.969842 0
80 25 0.977829 0
80 26 0.93709 0
80 27 0.975917 0
80 28 0.944226 0
80 29 0.971049 0
80 30 1.05399 1
80 31 0.897573 1
80 32 0.866489 1
80 33 0.892051 1
80 34 0.933842 1
80 35 0.939869 1
80 36 0.951099 1
80 37 0.995982 1
80 38 0.947576 1
80 39 0.948933 1
80 40 0.98172 1
80 41 0.890838 1
80 42 1.01028 1
80 43 0.941722 1
80 44 1.03968 0
80 45 1.15834 0
80 46 1.13526 0
80 47 1.10315 0
80 48 0.991944 0
80 49 0.996971 0
80 50 0.974906 0
80 51 0.988508 0
80 52 1.03101 0
80 53 1.06827 0
80 54 1.11346 0
80 55 1.0427 0
80 56 1.11262 0
80 57 0.958018 0
80 58 0.969424 0
80 59 1.10342 0
80 60 1.02725 0
81 1 0.953431 1
81 2 0.943388 1
81 3 0.944354 1
81 4 0.95435 1
81 5 0.899834 1
81 6 0.885461 1
81 7 1.05025 1
81 8 0.955054 1
81 9 0.908065 1
81 10 0.982538 1
81 11 0.846316 1
81 12 0.842292 1
81 13 0.798745 1
81 14 0.916944 1
81 15 0.935214 1
81 16 0.902913 1
81 17 0.824108 1
81 18 0.931084 1
81 19 0.834298 1
81 20 0.89195 1
81 21 0.963076 1
81 22 0.959257 1
81 23 0.805707 1
81 24 0.915927 1
81 25 0.778747 1
81 26 0.917343 1
81 27 0.85119 1
81 28 0.9173 1
81 29 0.881166 1
81 30 0.821773 1
81 31 0.837287 1
81 32 0.889245 1
81 33 0.819181 1
81 34 0.836583 1
81 35 0.764969 1
81 36 1 1
81 37 0.877137 1
81 38 0.945822 1
81 39 0.756391 1
81 40 0.872391 1
81 41 0.910445 1
81 42 0.908289 1
81 43 0.950692 1
81 44 1.0041 1
81 45 1.05223 1
81 46 0.955903 1
81 47 0.91993 1
81 48 0.961427 1
81 49 0.847741 1
81 50 0.919705 1
81 51 1.00997 1
81 52 0.993149 1
81 53 0.949347 1
81 54 0.876814 1
81 55 0.930464 1
81 56 0.912267 1
81 57 0.916519 1
81 58 0.902601 1
81 59 0.994934 1
81 60 1.00433 1
82 1 0.909325 1
82 2 0.967293 1
82 3 0.948095 1
82 4 0.887198 1
82 5 0.975354 1
82 6 0.920586 1
82 7 1.01874 1
82 8 1.02953 1
82 9 0.983011 1
82 10 0.964534 1
82 11 0.847652 1
82 12 0.87711 1
82 13 0.76711 1
82 14 0.842772 1
82 15 0.964136 1
82 16 0.935847 1
82 17 0.954738 1
82 18 0.903972 1
82 19 0.949994 1
82 20 0.952778 1
82 21 1.07147 1
82 22 1.10319 1
82 23 0.98336 1
82 24 0.914898 1
82 25 0.887036 1
82 26 0.928352 1
82 27 0.962224 1
82 28 0.927397 1
82 29 0.920746 1
82 30 0.886598 1
82 31 0.937485 1
82 32 0.848535 1
82 33 1.02124 1
82 34 0.928365 1
82 35 0.888794 1
82 36 0.88874 1
82 37 0.892947 1
82 38 0.986923 1
82 39 0.96926 1
82 40 0.96763 1
82 41 0.967736 1
82 42 0.97406 1
82 43 0.978396 1
82 44 1.09684 1
82 45 0.952729 1
82 46 1.01026 1
82 47 0.915544 1
82 48 0.910104 1
82 49 1.0249 1
82 50 0.918401 1
82 51 0.977752 1
82 52 0.954778 1
82 53 1.00979 1
82 54 1.04126 1
82 55 0.940139 1
82 56 1.00461 1
82 57 0.920892 1
82 58 0.948124 1
82 59 0.878029 1
82 60 0.978963 1
83 1 0.982217 1
83 2 0.992399 1
83 3 0.961293 1
83 4 0.937041 1
83 5 0.873667 1
83 6 0.968968 1
83 7 1.03202 1
83 8 0.960662 1
83 9 0.989889 1
83 10 0.983496 1
83 11 0.760184 1
83 12 0.877993 1
83 13 0.846089 1
83 14 0.882844 1
83 15 0.893714 1
83 16 0.835834 1
83 17 0.772785 1
83 18 0.975124 1
83 19 0.97622 1
83 20 0.987708 1
83 21 0.924813 1
83 22 1.02153 1
83 23 0.972679 1
83 24 0.912383 1
83 25 0.88304 1
83 26 0.948333 1
83 27 0.967445 1
83 28 0.974779 1
83 29 0.961038 1
83 30 0.937791 1
83 31 0.901355 1
83 32 0.913342 1
83 33 0.800122 1
83 34 0.911804 1
83 35 0.852626 1
83 36 0.851862 1
83 37 0.904462 1
83 38 0.916792 1
83 39 0.925768 1
83 40 0.952477 1
83 41 0.981588 1
83 42 1.02916 1
83 43 1.04702 1
83 44 1.09254 1
83 45 1.09436 1
83 46 1.14946 1
83 47 1.01255 1
83 48 0.954905 1
83 49 0.977022 1
83 50 1.01517 1
83 51 1.06684 1
83 52 1.00545 1
83 53 1.02845 1
83 54 0.9804 1
83 55 0.973133 1
83 56 0.984149 1
83 57 0.915123 1
83 58 0.967708 1
83 59 0.992989 1
83 60 0.958106 1
84 1 0.894799 1
84 2 0.938353 1
84 3 1.04444 1
84 4 0.972379 1
84 5 0.887683 1
84 6 0.89734 1
84 7 1.00283 1
84 8 0.998477 1
84 9 0.966138 1
84 10 1.05389 1
84 11 0.843657 1
84 12 0.776771 1
84 13 0.84808 1
84 14 0.897694 1
84 15 0.939014 1
84 16 0.955533 1
84 17 0.933823 1
84 18 0.946168 1
84 19 0.876425 1
84 20 0.903108 1
84 21 0.936348 1
84 22 0.900829 1
84 23 0.768531 1
84 24 0.89846 1
84 25 0.966785 1
84 26 1.00229 1
84 27 0.862035 1
84 28 0.880312 1
84 29 0.9534 1
84 30 0.974615 1
84 31 0.875304 1
84 32 0.886761 1
84 33 0.918556 1
84 34 0.91953 1
84 35 0.915823 1
84 36 0.936431 1
84 37 0.946908 1
84 38 0.988045 1
84 39 0.901426 1
84 40 1.04313 1
84 41 0.937763 1
84 42 0.923482 1
84 43 0.863122 1
84 44 0.998443 1
84 45 1.11655 1
84 46 1.06342 1
84 47 1.06323 1
84 48 0.980682 1
84 49 1.02804 1
84 50 1.07864 1
84 51 0.999745 1
84 52 1.18657 1
84 53 1.05797 1
84 54 1.04722 1
84 55 1.1004 1
84 56 1.0271 1
84 57 1.12124 1
84 58 1.05567 1
84 59 1.03608 1
84 60 0.888247 1
85 1 0.666667 1
85 2 0.795196 1
85 3 0.788298 1
85 4 0.898958 1
85 5 0.7574 1
85 6 0.851873 1
85 7 0.870687 1
85 8 0.995872 1
85 9 0.944929 1
85 10 1.04729 1
85 11 0.715713 1
85 12 0.722325 1
85 13 0.731261 1
85 14 0.781326 1
85 15 0.849754 1
85 16 0.896197 1
85 17 0.788869 1
85 18 0.846973 1
85 19 0.821104 1
85 20 0.792133 1
85 21 0.777848 1
85 22 0.839096 1
85 23 0.73136 1
85 24 0.776734 1
85 25 0.784432 1
85 26 0.776102 1
85 27 0.788755 1
85 28 0.822748 1
85 29 0.817254 1
85 30 0.865198 1
85 31 0.724439 1
85 32 0.904253 1
85 33 0.791833 1
85 34 0.859281 1
85 35 0.835701 1
85 36 0.870144 1
85 37 0.87925 1
85 38 0.889559 1
85 39 0.891114 1
85 40 0.892422 1
85 41 0.845886 1
85 42 1.0468 1
85 43 0.863843 1
85 44 0.85635 1
85 45 0.904167 1
85 46 1.05987 1
85 47 0.885095 1
85 48 0.970059 1
85 49 1.05057 1
85 50 0.947692 1
85 51 0.828178 1
85 52 0.975965 1
85 53 0.899559 1
85 54 0.929425 1
85 55 1.01823 1
85 56 0.971424 1
85 57 1.04874 1
85 58 1.04109 1
85 59 0.95858 1
85 60 1.12238 1
86 1 0.965585 1
86 2 0.998781 1
86 3 0.928082 1
86 4 0.944542 1
86 5 0.98491 1
86 6 1.07667 1
86 7 1.05083 1
86 8 0.99061 1
86 9 0.955839 1
86 10 0.896463 1
86 11 1 1
86 12 0.983858 1
86 13 0.846964 1
86 14 1.01095 1
86 15 0.994394 1
86 16 1.02184 1
86 17 0.982882 1
86 18 0.985512 1
86 19 0.885238 1
86 20 1.07155 1
86 21 1.02603 1
86 22 0.944684 1
86 23 0.964075 1
86 24 1.02468 1
86 25 1.07171 1
86 26 0.943212 1
86 27 1 0
86 28 1 0
86 29 1.00795 1
86 30 0.847471 1
86 31 0.877447 1
86 32 0.942845 1
86 33 0.973715 1
86 34 0.943367 1
86 35 0.852027 1
86 36 0.845363 1
86 37 0.892037 1
86 38 0.848299 1
86 39 0.858233 1
86 40 0.933956 1
86 41 1.04235 1
86 42 1.06421 1
86 43 0.997236 1
86 44 0.855802 1
86 45 1.07052 1
86 46 1.07565 1
86 47 1.04228 1
86 48 0.987519 1
86 49 0.997418 1
86 50 0.817454 1
86 51 1.01497 1
86 52 1.03294 1
86 53 1.00768 1
86 54 0.897896 1
86 55 0.924725 1
86 56 1.04036 1
86 57 0.934713 1
86 58 0.984245 1
86 59 0.929724 1
86 60 0.923324 1
